Meteor Count = 000033
-----------------------------------------------------
Processed with RMS 20180421_221645 f1ecf2cfa39f2550698bc11dc897609b0a6effa5 on 2018-05-21 10:05:32.124121 UTC
-----------------------------------------------------
FF  folder = /home/pi/RMS_data/CapturedFiles/CA0001_20180521_012018_461559
CAL folder = /home/pi/RMS_data/CapturedFiles/CA0001_20180521_012018_461559
-----------------------------------------------------
FF  file processed
CAL file processed
Cam# Meteor# #Segments fps hnr mle bin Pix/fm Rho Phi
Per segment:  Frame# Col Row RA Dec Azim Elev Inten Mag
-------------------------------------------------------
FF_CA0001_20180521_021400_572_0078336.fits
Uncalibrated
CA0001 0001 0007 0025.00 000.0 000.0  00.0 008.0 0174.9 0149.3
0105.0 0651.43 0000.24 000.00 000.00 000.00 000.00 000118 0.00
0106.0 0647.28 0005.62 000.00 000.00 000.00 000.00 001136 0.00
0107.0 0642.53 0013.34 000.00 000.00 000.00 000.00 001470 0.00
0108.0 0637.64 0021.30 000.00 000.00 000.00 000.00 000239 0.00
0109.0 0633.65 0028.13 000.00 000.00 000.00 000.00 000534 0.00
0110.0 0627.98 0037.51 000.00 000.00 000.00 000.00 000123 0.00
0111.0 0626.22 0041.30 000.00 000.00 000.00 000.00 000076 0.00
-------------------------------------------------------
FF_CA0001_20180521_022120_236_0089344.fits
Uncalibrated
CA0001 0001 0009 0025.00 000.0 000.0  00.0 007.8 0183.8 0039.2
0247.0 0814.39 0283.87 000.00 000.00 000.00 000.00 000298 0.00
0248.0 0810.37 0277.87 000.00 000.00 000.00 000.00 000177 0.00
0249.0 0806.28 0272.96 000.00 000.00 000.00 000.00 000218 0.00
0250.0 0800.41 0265.99 000.00 000.00 000.00 000.00 000398 0.00
0251.0 0795.10 0259.17 000.00 000.00 000.00 000.00 000786 0.00
0252.0 0790.22 0253.23 000.00 000.00 000.00 000.00 001023 0.00
0253.0 0785.52 0247.33 000.00 000.00 000.00 000.00 001231 0.00
0254.0 0779.48 0241.06 000.00 000.00 000.00 000.00 000327 0.00
0255.0 0775.40 0235.40 000.00 000.00 000.00 000.00 001029 0.00
-------------------------------------------------------
FF_CA0001_20180521_022130_437_0089600.fits
Uncalibrated
CA0001 0001 0011 0025.00 000.0 000.0  00.0 008.7 0183.9 0040.4
0000.0 0769.73 0229.18 000.00 000.00 000.00 000.00 000538 0.00
0001.0 0764.60 0223.03 000.00 000.00 000.00 000.00 001781 0.00
0002.0 0759.23 0216.24 000.00 000.00 000.00 000.00 001615 0.00
0003.0 0753.20 0209.84 000.00 000.00 000.00 000.00 000890 0.00
0004.0 0747.70 0202.52 000.00 000.00 000.00 000.00 001128 0.00
0005.0 0741.75 0195.42 000.00 000.00 000.00 000.00 001443 0.00
0006.0 0736.38 0189.68 000.00 000.00 000.00 000.00 001348 0.00
0007.0 0730.10 0182.07 000.00 000.00 000.00 000.00 001308 0.00
0008.0 0723.87 0173.76 000.00 000.00 000.00 000.00 000258 0.00
0009.0 0716.76 0167.00 000.00 000.00 000.00 000.00 000720 0.00
0010.0 0713.73 0162.97 000.00 000.00 000.00 000.00 000118 0.00
-------------------------------------------------------
FF_CA0001_20180521_031332_968_0166400.fits
Uncalibrated
CA0001 0001 0010 0025.00 000.0 000.0  00.0 003.3 0175.9 -103.4
0125.0 0700.00 0555.00 000.00 000.00 000.00 000.00 000029 0.00
0126.0 0701.00 0555.00 000.00 000.00 000.00 000.00 000035 0.00
0128.0 0708.25 0557.09 000.00 000.00 000.00 000.00 000769 0.00
0129.0 0712.03 0558.15 000.00 000.00 000.00 000.00 000274 0.00
0131.0 0719.35 0560.20 000.00 000.00 000.00 000.00 000808 0.00
0132.0 0723.04 0560.42 000.00 000.00 000.00 000.00 000613 0.00
0133.0 0726.68 0561.75 000.00 000.00 000.00 000.00 001343 0.00
0134.0 0730.21 0562.23 000.00 000.00 000.00 000.00 000505 0.00
0135.0 0733.20 0563.21 000.00 000.00 000.00 000.00 000178 0.00
0136.0 0735.00 0563.48 000.00 000.00 000.00 000.00 000064 0.00
-------------------------------------------------------
FF_CA0001_20180521_032004_355_0175872.fits
Uncalibrated
CA0001 0001 0026 0025.00 000.0 000.0  00.0 002.0 0048.0 -066.2
0070.0 0380.43 0526.54 000.00 000.00 000.00 000.00 000272 0.00
0071.0 0382.14 0526.22 000.00 000.00 000.00 000.00 000238 0.00
0072.0 0384.26 0525.51 000.00 000.00 000.00 000.00 001121 0.00
0073.0 0386.33 0524.16 000.00 000.00 000.00 000.00 000553 0.00
0074.0 0388.59 0523.92 000.00 000.00 000.00 000.00 001290 0.00
0075.0 0390.78 0523.28 000.00 000.00 000.00 000.00 001030 0.00
0076.0 0391.91 0521.79 000.00 000.00 000.00 000.00 001113 0.00
0077.0 0394.39 0520.74 000.00 000.00 000.00 000.00 002198 0.00
0078.0 0397.08 0520.17 000.00 000.00 000.00 000.00 001518 0.00
0079.0 0398.48 0518.63 000.00 000.00 000.00 000.00 001340 0.00
0080.0 0400.63 0517.62 000.00 000.00 000.00 000.00 001728 0.00
0081.0 0402.92 0517.52 000.00 000.00 000.00 000.00 001201 0.00
0082.0 0404.31 0516.25 000.00 000.00 000.00 000.00 001223 0.00
0083.0 0406.51 0515.28 000.00 000.00 000.00 000.00 001815 0.00
0084.0 0409.45 0515.53 000.00 000.00 000.00 000.00 000769 0.00
0085.0 0410.52 0513.60 000.00 000.00 000.00 000.00 001025 0.00
0086.0 0410.72 0512.33 000.00 000.00 000.00 000.00 000393 0.00
0087.0 0413.34 0513.66 000.00 000.00 000.00 000.00 000181 0.00
0088.0 0414.49 0513.49 000.00 000.00 000.00 000.00 000099 0.00
0089.0 0416.26 0511.28 000.00 000.00 000.00 000.00 000803 0.00
0090.0 0417.43 0510.13 000.00 000.00 000.00 000.00 001011 0.00
0092.0 0422.06 0508.72 000.00 000.00 000.00 000.00 000160 0.00
0093.0 0422.36 0507.85 000.00 000.00 000.00 000.00 000198 0.00
0095.0 0426.40 0506.74 000.00 000.00 000.00 000.00 000283 0.00
0096.0 0428.01 0506.05 000.00 000.00 000.00 000.00 000147 0.00
0097.0 0428.49 0504.49 000.00 000.00 000.00 000.00 000131 0.00
-------------------------------------------------------
FF_CA0001_20180521_035511_108_0227584.fits
Uncalibrated
CA0001 0001 0010 0025.00 000.0 000.0  00.0 010.1 0006.7 0333.4
0142.0 0808.82 0039.18 000.00 000.00 000.00 000.00 000103 0.00
0143.0 0803.57 0048.12 000.00 000.00 000.00 000.00 000386 0.00
0144.0 0798.34 0058.75 000.00 000.00 000.00 000.00 001535 0.00
0145.0 0792.05 0070.31 000.00 000.00 000.00 000.00 001857 0.00
0146.0 0787.74 0079.37 000.00 000.00 000.00 000.00 001395 0.00
0147.0 0782.90 0088.76 000.00 000.00 000.00 000.00 000641 0.00
0148.0 0778.32 0099.13 000.00 000.00 000.00 000.00 001132 0.00
0149.0 0778.46 0100.85 000.00 000.00 000.00 000.00 000078 0.00
0150.0 0769.25 0119.00 000.00 000.00 000.00 000.00 000063 0.00
0151.0 0768.00 0120.00 000.00 000.00 000.00 000.00 000027 0.00
-------------------------------------------------------
FF_CA0001_20180521_040625_364_0243712.fits
Uncalibrated
CA0001 0001 0006 0025.00 000.0 000.0  00.0 003.0 0233.5 0354.0
0197.0 0839.20 0700.00 000.00 000.00 000.00 000.00 000094 0.00
0199.0 0838.36 0706.41 000.00 000.00 000.00 000.00 000662 0.00
0200.0 0839.00 0709.00 000.00 000.00 000.00 000.00 000030 0.00
0201.0 0837.28 0712.37 000.00 000.00 000.00 000.00 000303 0.00
0202.0 0837.37 0716.04 000.00 000.00 000.00 000.00 000202 0.00
0203.0 0837.35 0718.14 000.00 000.00 000.00 000.00 000419 0.00
-------------------------------------------------------
FF_CA0001_20180521_043028_312_0279040.fits
Uncalibrated
CA0001 0001 0007 0025.00 000.0 000.0  00.0 009.5 0410.0 0324.6
0108.0 1096.85 0425.67 000.00 000.00 000.00 000.00 000171 0.00
0109.0 1089.31 0434.52 000.00 000.00 000.00 000.00 000123 0.00
0110.0 1085.48 0440.90 000.00 000.00 000.00 000.00 001175 0.00
0111.0 1079.89 0448.11 000.00 000.00 000.00 000.00 000298 0.00
0112.0 1074.54 0455.72 000.00 000.00 000.00 000.00 000187 0.00
0113.0 1068.54 0465.10 000.00 000.00 000.00 000.00 000527 0.00
0114.0 1063.44 0472.01 000.00 000.00 000.00 000.00 000870 0.00
-------------------------------------------------------
FF_CA0001_20180521_051448_059_0343040.fits
Uncalibrated
CA0001 0001 0007 0025.00 000.0 000.0  00.0 004.4 0338.5 0357.3
0123.0 0974.59 0441.38 000.00 000.00 000.00 000.00 000729 0.00
0124.0 0974.39 0446.30 000.00 000.00 000.00 000.00 000904 0.00
0125.0 0974.38 0449.74 000.00 000.00 000.00 000.00 000087 0.00
0126.0 0974.38 0456.60 000.00 000.00 000.00 000.00 000480 0.00
0127.0 0974.17 0462.35 000.00 000.00 000.00 000.00 000436 0.00
0128.0 0973.44 0465.90 000.00 000.00 000.00 000.00 000355 0.00
0129.0 0976.00 0468.00 000.00 000.00 000.00 000.00 000022 0.00
-------------------------------------------------------
FF_CA0001_20180521_052228_894_0354560.fits
Uncalibrated
CA0001 0001 0027 0025.00 000.0 000.0  00.0 006.5 0003.0 0027.6
0000.0 0456.36 0001.33 000.00 000.00 000.00 000.00 001604 0.00
0001.0 0458.83 0006.28 000.00 000.00 000.00 000.00 001699 0.00
0002.0 0461.71 0011.68 000.00 000.00 000.00 000.00 003349 0.00
0003.0 0464.47 0017.48 000.00 000.00 000.00 000.00 003649 0.00
0004.0 0467.43 0023.12 000.00 000.00 000.00 000.00 004303 0.00
0005.0 0470.82 0029.31 000.00 000.00 000.00 000.00 005030 0.00
0006.0 0473.53 0034.67 000.00 000.00 000.00 000.00 005493 0.00
0007.0 0476.48 0040.16 000.00 000.00 000.00 000.00 005734 0.00
0008.0 0479.54 0045.77 000.00 000.00 000.00 000.00 005745 0.00
0009.0 0482.48 0051.60 000.00 000.00 000.00 000.00 006317 0.00
0010.0 0485.26 0057.84 000.00 000.00 000.00 000.00 006789 0.00
0011.0 0488.83 0062.98 000.00 000.00 000.00 000.00 005901 0.00
0012.0 0491.45 0068.91 000.00 000.00 000.00 000.00 006720 0.00
0013.0 0494.38 0074.60 000.00 000.00 000.00 000.00 006734 0.00
0014.0 0497.64 0080.42 000.00 000.00 000.00 000.00 007023 0.00
0015.0 0500.73 0087.10 000.00 000.00 000.00 000.00 007253 0.00
0016.0 0504.50 0093.26 000.00 000.00 000.00 000.00 006819 0.00
0017.0 0507.24 0099.49 000.00 000.00 000.00 000.00 007444 0.00
0018.0 0510.53 0105.78 000.00 000.00 000.00 000.00 007413 0.00
0019.0 0513.90 0111.78 000.00 000.00 000.00 000.00 007496 0.00
0020.0 0516.68 0117.62 000.00 000.00 000.00 000.00 007387 0.00
0021.0 0519.77 0124.05 000.00 000.00 000.00 000.00 007938 0.00
0022.0 0522.90 0129.68 000.00 000.00 000.00 000.00 005693 0.00
0023.0 0525.97 0135.31 000.00 000.00 000.00 000.00 006327 0.00
0024.0 0529.07 0141.10 000.00 000.00 000.00 000.00 002848 0.00
0025.0 0531.43 0146.59 000.00 000.00 000.00 000.00 003382 0.00
0026.0 0534.72 0152.36 000.00 000.00 000.00 000.00 000743 0.00
-------------------------------------------------------
FF_CA0001_20180521_052704_718_0360960.fits
Uncalibrated
CA0001 0001 0008 0025.00 000.0 000.0  00.0 002.9 0367.7 0176.6
0096.0 0255.43 0624.00 000.00 000.00 000.00 000.00 000052 0.00
0097.0 0255.73 0627.28 000.00 000.00 000.00 000.00 000216 0.00
0098.0 0255.23 0628.48 000.00 000.00 000.00 000.00 000111 0.00
0099.0 0255.51 0631.72 000.00 000.00 000.00 000.00 000208 0.00
0100.0 0254.91 0636.38 000.00 000.00 000.00 000.00 001030 0.00
0101.0 0256.30 0639.92 000.00 000.00 000.00 000.00 000365 0.00
0102.0 0255.38 0642.99 000.00 000.00 000.00 000.00 000264 0.00
0103.0 0256.00 0644.00 000.00 000.00 000.00 000.00 000030 0.00
-------------------------------------------------------
FF_CA0001_20180521_054224_167_0383232.fits
Uncalibrated
CA0001 0001 0009 0025.00 000.0 000.0  00.0 004.8 0215.3 0173.4
0024.0 0453.39 0098.42 000.00 000.00 000.00 000.00 000176 0.00
0025.0 0453.40 0102.67 000.00 000.00 000.00 000.00 000069 0.00
0026.0 0452.02 0107.13 000.00 000.00 000.00 000.00 000695 0.00
0027.0 0451.48 0112.75 000.00 000.00 000.00 000.00 001436 0.00
0028.0 0450.87 0118.27 000.00 000.00 000.00 000.00 001185 0.00
0029.0 0450.43 0123.00 000.00 000.00 000.00 000.00 001423 0.00
0030.0 0449.96 0127.91 000.00 000.00 000.00 000.00 001060 0.00
0031.0 0449.28 0133.93 000.00 000.00 000.00 000.00 000545 0.00
0032.0 0449.21 0136.73 000.00 000.00 000.00 000.00 000112 0.00
-------------------------------------------------------
FF_CA0001_20180521_055248_091_0398848.fits
Uncalibrated
CA0001 0001 0009 0025.00 000.0 000.0  00.0 010.7 0482.5 0344.4
0154.0 1188.53 0186.43 000.00 000.00 000.00 000.00 000146 0.00
0155.0 1186.24 0197.50 000.00 000.00 000.00 000.00 000080 0.00
0156.0 1183.37 0209.52 000.00 000.00 000.00 000.00 000263 0.00
0157.0 1180.71 0217.32 000.00 000.00 000.00 000.00 000320 0.00
0158.0 1177.33 0229.37 000.00 000.00 000.00 000.00 000355 0.00
0159.0 1174.55 0239.79 000.00 000.00 000.00 000.00 001437 0.00
0160.0 1172.58 0247.04 000.00 000.00 000.00 000.00 000560 0.00
0161.0 1168.72 0259.31 000.00 000.00 000.00 000.00 000306 0.00
0162.0 1166.37 0269.37 000.00 000.00 000.00 000.00 000048 0.00
-------------------------------------------------------
FF_CA0001_20180521_055308_576_0399360.fits
Uncalibrated
CA0001 0001 0018 0025.00 000.0 000.0  00.0 004.6 0442.4 0152.2
0215.0 0181.97 0280.83 000.00 000.00 000.00 000.00 000321 0.00
0216.0 0180.41 0284.30 000.00 000.00 000.00 000.00 000430 0.00
0217.0 0178.33 0288.15 000.00 000.00 000.00 000.00 001805 0.00
0218.0 0175.75 0292.63 000.00 000.00 000.00 000.00 002329 0.00
0219.0 0173.54 0296.78 000.00 000.00 000.00 000.00 002608 0.00
0220.0 0171.57 0300.49 000.00 000.00 000.00 000.00 003640 0.00
0221.0 0168.69 0304.61 000.00 000.00 000.00 000.00 003919 0.00
0222.0 0167.08 0308.93 000.00 000.00 000.00 000.00 004275 0.00
0223.0 0164.84 0313.26 000.00 000.00 000.00 000.00 004516 0.00
0224.0 0162.34 0317.27 000.00 000.00 000.00 000.00 004123 0.00
0225.0 0160.51 0321.83 000.00 000.00 000.00 000.00 004591 0.00
0226.0 0157.77 0325.74 000.00 000.00 000.00 000.00 004494 0.00
0227.0 0155.97 0330.21 000.00 000.00 000.00 000.00 004977 0.00
0228.0 0153.30 0334.45 000.00 000.00 000.00 000.00 004767 0.00
0229.0 0151.47 0339.45 000.00 000.00 000.00 000.00 003924 0.00
0230.0 0149.56 0343.41 000.00 000.00 000.00 000.00 003068 0.00
0231.0 0147.18 0347.33 000.00 000.00 000.00 000.00 002393 0.00
0232.0 0146.44 0350.44 000.00 000.00 000.00 000.00 000078 0.00
-------------------------------------------------------
FF_CA0001_20180521_060718_620_0420608.fits
Uncalibrated
CA0001 0001 0008 0025.00 000.0 000.0  00.0 011.7 0205.3 0296.6
0110.0 0812.11 0503.73 000.00 000.00 000.00 000.00 000068 0.00
0111.0 0802.02 0508.64 000.00 000.00 000.00 000.00 000803 0.00
0113.0 0780.86 0518.98 000.00 000.00 000.00 000.00 000348 0.00
0114.0 0771.01 0524.09 000.00 000.00 000.00 000.00 002326 0.00
0115.0 0760.29 0529.72 000.00 000.00 000.00 000.00 001987 0.00
0116.0 0748.57 0535.26 000.00 000.00 000.00 000.00 002227 0.00
0117.0 0737.55 0540.70 000.00 000.00 000.00 000.00 001162 0.00
0118.0 0728.12 0545.90 000.00 000.00 000.00 000.00 001226 0.00
-------------------------------------------------------
FF_CA0001_20180521_064453_610_0475648.fits
Uncalibrated
CA0001 0001 0005 0025.00 000.0 000.0  00.0 009.7 0395.6 0308.0
0139.0 1191.76 0431.21 000.00 000.00 000.00 000.00 000471 0.00
0140.0 1185.43 0435.71 000.00 000.00 000.00 000.00 001971 0.00
0141.0 1177.06 0442.42 000.00 000.00 000.00 000.00 003027 0.00
0142.0 1168.98 0448.50 000.00 000.00 000.00 000.00 003145 0.00
0143.0 1161.14 0454.76 000.00 000.00 000.00 000.00 001855 0.00
-------------------------------------------------------
FF_CA0001_20180521_070002_980_0498432.fits
Uncalibrated
CA0001 0001 0014 0025.00 000.0 000.0  00.0 011.9 0344.5 0147.9
0147.0 0216.70 0389.39 000.00 000.00 000.00 000.00 000064 0.00
0148.0 0209.12 0399.55 000.00 000.00 000.00 000.00 001314 0.00
0149.0 0201.27 0411.55 000.00 000.00 000.00 000.00 001993 0.00
0150.0 0194.50 0422.06 000.00 000.00 000.00 000.00 001751 0.00
0151.0 0187.07 0433.16 000.00 000.00 000.00 000.00 001797 0.00
0152.0 0180.80 0443.61 000.00 000.00 000.00 000.00 003527 0.00
0153.0 0173.16 0455.00 000.00 000.00 000.00 000.00 003789 0.00
0154.0 0167.70 0463.89 000.00 000.00 000.00 000.00 005112 0.00
0155.0 0161.67 0473.86 000.00 000.00 000.00 000.00 005387 0.00
0156.0 0155.68 0483.69 000.00 000.00 000.00 000.00 004783 0.00
0157.0 0149.38 0494.11 000.00 000.00 000.00 000.00 003774 0.00
0158.0 0143.81 0503.04 000.00 000.00 000.00 000.00 003602 0.00
0159.0 0139.22 0511.28 000.00 000.00 000.00 000.00 002219 0.00
0160.0 0134.50 0519.72 000.00 000.00 000.00 000.00 000338 0.00
-------------------------------------------------------
FF_CA0001_20180521_070957_191_0513280.fits
Uncalibrated
CA0001 0001 0010 0025.00 000.0 000.0  00.0 020.8 0505.5 0149.2
0082.0 0247.40 0032.57 000.00 000.00 000.00 000.00 000758 0.00
0083.0 0235.77 0052.00 000.00 000.00 000.00 000.00 001067 0.00
0084.0 0223.79 0071.52 000.00 000.00 000.00 000.00 001544 0.00
0085.0 0212.55 0089.57 000.00 000.00 000.00 000.00 002079 0.00
0086.0 0200.48 0108.90 000.00 000.00 000.00 000.00 000825 0.00
0087.0 0191.80 0123.18 000.00 000.00 000.00 000.00 002037 0.00
0088.0 0181.30 0141.91 000.00 000.00 000.00 000.00 002700 0.00
0089.0 0171.10 0159.70 000.00 000.00 000.00 000.00 003654 0.00
0090.0 0161.59 0176.25 000.00 000.00 000.00 000.00 001775 0.00
0091.0 0152.50 0194.39 000.00 000.00 000.00 000.00 000169 0.00
-------------------------------------------------------
FF_CA0001_20180521_072244_593_0532480.fits
Uncalibrated
CA0001 0001 0019 0025.00 000.0 000.0  00.0 005.5 0526.9 0304.9
0219.0 1125.97 0663.70 000.00 000.00 000.00 000.00 000454 0.00
0220.0 1122.09 0666.02 000.00 000.00 000.00 000.00 000800 0.00
0221.0 1117.61 0669.65 000.00 000.00 000.00 000.00 001379 0.00
0222.0 1112.86 0672.15 000.00 000.00 000.00 000.00 002540 0.00
0223.0 1108.85 0675.50 000.00 000.00 000.00 000.00 003365 0.00
0224.0 1104.48 0678.42 000.00 000.00 000.00 000.00 003427 0.00
0225.0 1100.19 0681.80 000.00 000.00 000.00 000.00 004384 0.00
0226.0 1095.17 0685.02 000.00 000.00 000.00 000.00 005341 0.00
0227.0 1090.76 0688.63 000.00 000.00 000.00 000.00 003810 0.00
0228.0 1086.57 0691.27 000.00 000.00 000.00 000.00 004580 0.00
0229.0 1081.62 0694.75 000.00 000.00 000.00 000.00 006588 0.00
0230.0 1076.63 0698.57 000.00 000.00 000.00 000.00 005253 0.00
0231.0 1071.92 0701.58 000.00 000.00 000.00 000.00 005031 0.00
0232.0 1066.94 0704.75 000.00 000.00 000.00 000.00 005907 0.00
0233.0 1062.36 0708.37 000.00 000.00 000.00 000.00 006774 0.00
0234.0 1057.06 0711.59 000.00 000.00 000.00 000.00 006969 0.00
0235.0 1052.02 0715.12 000.00 000.00 000.00 000.00 006780 0.00
0236.0 1046.91 0717.81 000.00 000.00 000.00 000.00 004407 0.00
0237.0 1043.00 0718.00 000.00 000.00 000.00 000.00 000034 0.00
-------------------------------------------------------
FF_CA0001_20180521_081227_195_0606976.fits
Uncalibrated
CA0001 0001 0007 0025.00 000.0 000.0  00.0 001.8 0296.1 -083.3
0037.0 0783.01 0641.23 000.00 000.00 000.00 000.00 002741 0.00
0042.0 0786.35 0641.04 000.00 000.00 000.00 000.00 003601 0.00
0048.0 0791.29 0640.58 000.00 000.00 000.00 000.00 006803 0.00
0050.0 0811.83 0637.90 000.00 000.00 000.00 000.00 003290 0.00
0056.0 0822.56 0636.64 000.00 000.00 000.00 000.00 004137 0.00
0058.0 0829.23 0636.34 000.00 000.00 000.00 000.00 005743 0.00
0066.0 0834.52 0635.47 000.00 000.00 000.00 000.00 002605 0.00
-------------------------------------------------------
FF_CA0001_20180521_081309_299_0607488.fits
Uncalibrated
CA0001 0001 0026 0025.00 000.0 000.0  00.0 002.5 0454.8 0124.8
0038.0 0302.45 0040.35 000.00 000.00 000.00 000.00 000750 0.00
0039.0 0304.05 0041.69 000.00 000.00 000.00 000.00 000925 0.00
0040.0 0304.15 0040.45 000.00 000.00 000.00 000.00 001005 0.00
0041.0 0303.94 0039.87 000.00 000.00 000.00 000.00 000971 0.00
0042.0 0304.82 0038.04 000.00 000.00 000.00 000.00 001234 0.00
0043.0 0305.81 0040.30 000.00 000.00 000.00 000.00 000902 0.00
0044.0 0305.16 0036.89 000.00 000.00 000.00 000.00 000993 0.00
0045.0 0308.05 0039.20 000.00 000.00 000.00 000.00 000581 0.00
0046.0 0307.08 0037.40 000.00 000.00 000.00 000.00 001214 0.00
0048.0 0312.16 0034.30 000.00 000.00 000.00 000.00 008993 0.00
0049.0 0329.27 0022.17 000.00 000.00 000.00 000.00 006751 0.00
0050.0 0331.72 0020.24 000.00 000.00 000.00 000.00 001201 0.00
0051.0 0331.75 0019.14 000.00 000.00 000.00 000.00 001290 0.00
0052.0 0334.56 0018.74 000.00 000.00 000.00 000.00 007440 0.00
0053.0 0338.63 0016.58 000.00 000.00 000.00 000.00 006901 0.00
0054.0 0340.64 0013.93 000.00 000.00 000.00 000.00 002341 0.00
0055.0 0341.86 0013.31 000.00 000.00 000.00 000.00 004327 0.00
0056.0 0344.94 0011.33 000.00 000.00 000.00 000.00 006698 0.00
0057.0 0347.84 0008.93 000.00 000.00 000.00 000.00 006290 0.00
0058.0 0351.66 0006.96 000.00 000.00 000.00 000.00 006972 0.00
0059.0 0354.01 0005.72 000.00 000.00 000.00 000.00 002417 0.00
0060.0 0353.75 0003.11 000.00 000.00 000.00 000.00 001358 0.00
0061.0 0354.50 0004.00 000.00 000.00 000.00 000.00 000502 0.00
0062.0 0355.22 0003.27 000.00 000.00 000.00 000.00 001597 0.00
0063.0 0355.96 0002.56 000.00 000.00 000.00 000.00 001119 0.00
0064.0 0356.00 0002.65 000.00 000.00 000.00 000.00 001027 0.00
-------------------------------------------------------
FF_CA0001_20180521_083804_035_0643840.fits
Uncalibrated
CA0001 0001 0007 0025.00 000.0 000.0  00.0 004.0 0509.2 0356.6
0247.0 1147.00 0367.00 000.00 000.00 000.00 000.00 000817 0.00
0249.0 1148.25 0363.75 000.00 000.00 000.00 000.00 000600 0.00
0250.0 1147.69 0384.63 000.00 000.00 000.00 000.00 002052 0.00
0251.0 1147.61 0372.80 000.00 000.00 000.00 000.00 001507 0.00
0252.0 1148.43 0366.50 000.00 000.00 000.00 000.00 002296 0.00
0253.0 1147.78 0382.27 000.00 000.00 000.00 000.00 001665 0.00
0254.0 1147.48 0395.26 000.00 000.00 000.00 000.00 001720 0.00
-------------------------------------------------------
FF_CA0001_20180521_083834_650_0644608.fits
Uncalibrated
CA0001 0001 0006 0025.00 000.0 000.0  00.0 004.2 0541.4 0355.1
0000.0 1175.70 0458.90 000.00 000.00 000.00 000.00 005420 0.00
0001.0 1175.85 0455.75 000.00 000.00 000.00 000.00 009614 0.00
0002.0 1175.58 0457.61 000.00 000.00 000.00 000.00 005560 0.00
0003.0 1174.08 0483.07 000.00 000.00 000.00 000.00 004630 0.00
0004.0 1175.49 0468.85 000.00 000.00 000.00 000.00 002498 0.00
0006.0 1174.66 0484.34 000.00 000.00 000.00 000.00 000845 0.00
-------------------------------------------------------
FF_CA0001_20180521_083844_919_0644864.fits
Uncalibrated
CA0001 0001 0006 0025.00 000.0 000.0  00.0 004.8 0576.2 0356.8
0246.0 1218.00 0383.00 000.00 000.00 000.00 000.00 000102 0.00
0248.0 1215.08 0394.38 000.00 000.00 000.00 000.00 000369 0.00
0249.0 1217.10 0396.42 000.00 000.00 000.00 000.00 000946 0.00
0250.0 1217.51 0371.91 000.00 000.00 000.00 000.00 000670 0.00
0251.0 1217.12 0383.24 000.00 000.00 000.00 000.00 001705 0.00
0252.0 1214.42 0411.44 000.00 000.00 000.00 000.00 002952 0.00
-------------------------------------------------------
FF_CA0001_20180521_083855_096_0645120.fits
Uncalibrated
CA0001 0001 0008 0025.00 000.0 000.0  00.0 005.1 0591.8 -005.2
0245.0 1224.02 0452.83 000.00 000.00 000.00 000.00 000662 0.00
0247.0 1227.00 0436.00 000.00 000.00 000.00 000.00 000206 0.00
0248.0 1225.89 0436.93 000.00 000.00 000.00 000.00 000933 0.00
0249.0 1228.20 0435.72 000.00 000.00 000.00 000.00 000976 0.00
0250.0 1227.00 0434.34 000.00 000.00 000.00 000.00 000538 0.00
0251.0 1225.78 0437.35 000.00 000.00 000.00 000.00 001382 0.00
0252.0 1227.32 0431.91 000.00 000.00 000.00 000.00 001967 0.00
0253.0 1228.93 0412.26 000.00 000.00 000.00 000.00 001665 0.00
-------------------------------------------------------
FF_CA0001_20180521_083905_300_0645376.fits
Uncalibrated
CA0001 0001 0006 0025.00 000.0 000.0  00.0 006.8 0606.4 -007.1
0245.0 1246.00 0430.00 000.00 000.00 000.00 000.00 000160 0.00
0249.0 1244.96 0419.54 000.00 000.00 000.00 000.00 009386 0.00
0250.0 1244.50 0411.11 000.00 000.00 000.00 000.00 006239 0.00
0251.0 1245.47 0403.44 000.00 000.00 000.00 000.00 008478 0.00
0252.0 1248.09 0390.77 000.00 000.00 000.00 000.00 005680 0.00
0253.0 1250.44 0375.68 000.00 000.00 000.00 000.00 010342 0.00
-------------------------------------------------------
FF_CA0001_20180521_083905_300_0645376.fits
Uncalibrated
CA0001 0002 0007 0025.00 000.0 000.0  00.0 003.1 0623.6 0003.2
0249.0 1246.00 0028.52 000.00 000.00 000.00 000.00 001539 0.00
0250.0 1245.90 0034.36 000.00 000.00 000.00 000.00 001584 0.00
0251.0 1247.23 0039.26 000.00 000.00 000.00 000.00 002495 0.00
0252.0 1247.48 0044.59 000.00 000.00 000.00 000.00 003320 0.00
0253.0 1246.20 0042.93 000.00 000.00 000.00 000.00 002858 0.00
0254.0 1246.72 0043.41 000.00 000.00 000.00 000.00 007776 0.00
0255.0 1247.64 0047.28 000.00 000.00 000.00 000.00 013282 0.00
-------------------------------------------------------
FF_CA0001_20180521_083916_948_0645632.fits
Uncalibrated
CA0001 0001 0015 0025.00 000.0 000.0  00.0 006.2 0622.1 -007.0
0239.0 1250.00 0481.00 000.00 000.00 000.00 000.00 000069 0.00
0240.0 1249.51 0493.51 000.00 000.00 000.00 000.00 000081 0.00
0242.0 1253.70 0464.32 000.00 000.00 000.00 000.00 000292 0.00
0243.0 1252.65 0451.64 000.00 000.00 000.00 000.00 001150 0.00
0244.0 1255.82 0434.87 000.00 000.00 000.00 000.00 000552 0.00
0245.0 1257.06 0430.28 000.00 000.00 000.00 000.00 000537 0.00
0246.0 1257.00 0423.00 000.00 000.00 000.00 000.00 000569 0.00
0248.0 1259.87 0422.19 000.00 000.00 000.00 000.00 000859 0.00
0249.0 1258.00 0430.45 000.00 000.00 000.00 000.00 001148 0.00
0250.0 1260.99 0402.19 000.00 000.00 000.00 000.00 001584 0.00
0251.0 1262.00 0389.00 000.00 000.00 000.00 000.00 000438 0.00
0252.0 1264.51 0383.00 000.00 000.00 000.00 000.00 000923 0.00
0253.0 1265.52 0372.95 000.00 000.00 000.00 000.00 002446 0.00
0254.0 1265.97 0369.40 000.00 000.00 000.00 000.00 003245 0.00
0255.0 1264.49 0383.33 000.00 000.00 000.00 000.00 011602 0.00
-------------------------------------------------------
FF_CA0001_20180521_083916_948_0645632.fits
Uncalibrated
CA0001 0002 0008 0025.00 000.0 000.0  00.0 002.9 0621.3 0346.8
0242.0 1253.70 0464.32 000.00 000.00 000.00 000.00 000292 0.00
0243.0 1253.22 0455.77 000.00 000.00 000.00 000.00 001150 0.00
0244.0 1251.47 0464.29 000.00 000.00 000.00 000.00 000552 0.00
0245.0 1253.00 0451.00 000.00 000.00 000.00 000.00 000537 0.00
0247.0 1251.16 0477.77 000.00 000.00 000.00 000.00 000539 0.00
0249.0 1250.64 0475.22 000.00 000.00 000.00 000.00 001148 0.00
0250.0 1249.20 0479.98 000.00 000.00 000.00 000.00 001584 0.00
0252.0 1247.58 0492.59 000.00 000.00 000.00 000.00 000923 0.00
-------------------------------------------------------
FF_CA0001_20180521_083927_000_0645888.fits
Uncalibrated
CA0001 0001 0008 0025.00 000.0 000.0  00.0 004.2 0619.9 -003.6
0000.0 1257.98 0393.13 000.00 000.00 000.00 000.00 011248 0.00
0001.0 1257.79 0397.03 000.00 000.00 000.00 000.00 002572 0.00
0002.0 1260.80 0374.78 000.00 000.00 000.00 000.00 003610 0.00
0003.0 1261.52 0374.25 000.00 000.00 000.00 000.00 003290 0.00
0004.0 1257.00 0387.54 000.00 000.00 000.00 000.00 002238 0.00
0005.0 1263.00 0370.00 000.00 000.00 000.00 000.00 000345 0.00
0006.0 1263.00 0375.00 000.00 000.00 000.00 000.00 000581 0.00
0007.0 1262.00 0364.00 000.00 000.00 000.00 000.00 000496 0.00
-------------------------------------------------------
FF_CA0001_20180521_083927_000_0645888.fits
Uncalibrated
CA0001 0002 0005 0025.00 000.0 000.0  00.0 006.7 0626.5 0346.0
0251.0 1276.52 0399.01 000.00 000.00 000.00 000.00 000675 0.00
0252.0 1275.52 0397.44 000.00 000.00 000.00 000.00 002032 0.00
0253.0 1272.29 0424.01 000.00 000.00 000.00 000.00 000729 0.00
0254.0 1273.89 0408.64 000.00 000.00 000.00 000.00 003363 0.00
0255.0 1270.53 0425.28 000.00 000.00 000.00 000.00 009827 0.00
-------------------------------------------------------
FF_CA0001_20180521_083937_190_0646144.fits
Uncalibrated
CA0001 0001 0006 0025.00 000.0 000.0  00.0 002.8 0628.7 -009.0
0001.0 1265.12 0427.36 000.00 000.00 000.00 000.00 003387 0.00
0002.0 1267.00 0414.00 000.00 000.00 000.00 000.00 003124 0.00
0003.0 1261.96 0439.98 000.00 000.00 000.00 000.00 001215 0.00
0004.0 1267.97 0413.66 000.00 000.00 000.00 000.00 000708 0.00
0005.0 1268.75 0413.78 000.00 000.00 000.00 000.00 000647 0.00
0006.0 1268.25 0413.93 000.00 000.00 000.00 000.00 001007 0.00
-------------------------------------------------------
FF_CA0001_20180521_083947_403_0646400.fits
Uncalibrated
CA0001 0001 0005 0025.00 000.0 000.0  00.0 002.8 0640.0 -005.7
0000.0 1273.29 0460.11 000.00 000.00 000.00 000.00 004299 0.00
0001.0 1273.73 0451.76 000.00 000.00 000.00 000.00 002843 0.00
0003.0 1274.00 0438.47 000.00 000.00 000.00 000.00 000280 0.00
0004.0 1274.07 0448.45 000.00 000.00 000.00 000.00 000832 0.00
0005.0 1275.00 0446.00 000.00 000.00 000.00 000.00 000338 0.00
