Meteor Count = 000046
-----------------------------------------------------
Processed with RMS 20180612_204130 56d868bd4aa13bfec2da7c6c2a06620549e29ea2 on 2018-06-14 10:07:17.483969 UTC
-----------------------------------------------------
FF  folder = /home/pi/RMS_data/CapturedFiles/CA0003_20180614_024551_045135
CAL folder = /home/pi/RMS_data/CapturedFiles/CA0003_20180614_024551_045135
-----------------------------------------------------
FF  file processed
CAL file processed
Cam# Meteor# #Segments fps hnr mle bin Pix/fm Rho Phi
Per segment:  Frame# Col Row RA Dec Azim Elev Inten Mag
-------------------------------------------------------
FF_CA0003_20180614_024646_575_0001280.fits
Uncalibrated
CA0003 0001 0004 0025.00 000.0 000.0  00.0 007.0 0113.1 0153.4
0100.0 0556.01 0273.90 000.00 000.00 000.00 000.00 095988 0.00
0101.0 0557.53 0274.46 000.00 000.00 000.00 000.00 012866 0.00
0102.0 0559.37 0273.35 000.00 000.00 000.00 000.00 002885 0.00
0103.0 0565.00 0255.00 000.00 000.00 000.00 000.00 000021 0.00
-------------------------------------------------------
FF_CA0003_20180614_024646_575_0001280.fits
Uncalibrated
CA0003 0002 0004 0025.00 000.0 000.0  00.0 007.2 0085.8 0175.2
0100.0 0561.27 0276.18 000.00 000.00 000.00 000.00 096138 0.00
0101.0 0560.10 0275.36 000.00 000.00 000.00 000.00 012844 0.00
0102.0 0559.46 0273.96 000.00 000.00 000.00 000.00 002885 0.00
0103.0 0565.00 0255.00 000.00 000.00 000.00 000.00 000021 0.00
-------------------------------------------------------
FF_CA0003_20180614_025143_014_0008704.fits
Uncalibrated
CA0003 0001 0016 0025.00 000.0 000.0  00.0 002.7 0273.8 -158.6
0145.0 0418.00 0540.42 000.00 000.00 000.00 000.00 000056 0.00
0146.0 0417.60 0543.78 000.00 000.00 000.00 000.00 000561 0.00
0147.0 0420.00 0545.06 000.00 000.00 000.00 000.00 000111 0.00
0148.0 0420.89 0548.65 000.00 000.00 000.00 000.00 000288 0.00
0149.0 0420.36 0551.38 000.00 000.00 000.00 000.00 000984 0.00
0150.0 0421.48 0554.65 000.00 000.00 000.00 000.00 000291 0.00
0151.0 0422.91 0556.08 000.00 000.00 000.00 000.00 000276 0.00
0152.0 0422.25 0557.27 000.00 000.00 000.00 000.00 000281 0.00
0153.0 0424.87 0562.29 000.00 000.00 000.00 000.00 000435 0.00
0154.0 0426.50 0564.86 000.00 000.00 000.00 000.00 000256 0.00
0155.0 0427.01 0566.57 000.00 000.00 000.00 000.00 000419 0.00
0156.0 0427.94 0568.75 000.00 000.00 000.00 000.00 000608 0.00
0158.0 0429.88 0573.80 000.00 000.00 000.00 000.00 000335 0.00
0159.0 0431.40 0576.92 000.00 000.00 000.00 000.00 000175 0.00
0160.0 0431.13 0579.43 000.00 000.00 000.00 000.00 000163 0.00
0161.0 0433.32 0581.61 000.00 000.00 000.00 000.00 000104 0.00
-------------------------------------------------------
FF_CA0003_20180614_025649_540_0016384.fits
Uncalibrated
CA0003 0001 0008 0025.00 000.0 000.0  00.0 003.3 0459.2 0003.2
0234.0 1101.42 0386.44 000.00 000.00 000.00 000.00 000088 0.00
0235.0 1101.71 0390.09 000.00 000.00 000.00 000.00 000316 0.00
0236.0 1101.77 0393.77 000.00 000.00 000.00 000.00 000339 0.00
0237.0 1102.00 0396.53 000.00 000.00 000.00 000.00 000208 0.00
0238.0 1101.50 0400.47 000.00 000.00 000.00 000.00 000481 0.00
0239.0 1103.02 0403.20 000.00 000.00 000.00 000.00 000304 0.00
0241.0 1102.47 0410.99 000.00 000.00 000.00 000.00 000506 0.00
0242.0 1103.83 0412.53 000.00 000.00 000.00 000.00 000180 0.00
-------------------------------------------------------
FF_CA0003_20180614_025720_143_0017152.fits
Uncalibrated
CA0003 0001 0006 0025.00 000.0 000.0  00.0 005.4 0148.5 0175.4
0250.0 0496.00 0308.00 000.00 000.00 000.00 000.00 000022 0.00
0251.0 0494.79 0311.84 000.00 000.00 000.00 000.00 000166 0.00
0252.0 0493.85 0317.36 000.00 000.00 000.00 000.00 000448 0.00
0253.0 0494.80 0321.77 000.00 000.00 000.00 000.00 000113 0.00
0254.0 0493.71 0328.51 000.00 000.00 000.00 000.00 001236 0.00
0255.0 0493.17 0335.08 000.00 000.00 000.00 000.00 000570 0.00
-------------------------------------------------------
FF_CA0003_20180614_025730_358_0017408.fits
Uncalibrated
CA0003 0001 0009 0025.00 000.0 000.0  00.0 005.4 0148.3 0175.6
0000.0 0493.53 0334.44 000.00 000.00 000.00 000.00 000204 0.00
0001.0 0492.22 0345.12 000.00 000.00 000.00 000.00 000392 0.00
0002.0 0492.48 0347.95 000.00 000.00 000.00 000.00 000467 0.00
0003.0 0491.46 0352.52 000.00 000.00 000.00 000.00 000579 0.00
0004.0 0492.10 0358.73 000.00 000.00 000.00 000.00 000364 0.00
0005.0 0490.27 0363.63 000.00 000.00 000.00 000.00 000693 0.00
0006.0 0490.72 0367.57 000.00 000.00 000.00 000.00 000765 0.00
0007.0 0490.00 0371.00 000.00 000.00 000.00 000.00 000024 0.00
0008.0 0489.77 0377.60 000.00 000.00 000.00 000.00 000534 0.00
-------------------------------------------------------
FF_CA0003_20180614_030307_554_0025856.fits
Uncalibrated
CA0003 0001 0009 0025.00 000.0 000.0  00.0 002.3 0389.9 0266.7
0000.0 0022.78 0714.72 000.00 000.00 000.00 000.00 001202 0.00
0001.0 0038.27 0716.78 000.00 000.00 000.00 000.00 003316 0.00
0002.0 0029.73 0716.65 000.00 000.00 000.00 000.00 001871 0.00
0003.0 0021.52 0712.68 000.00 000.00 000.00 000.00 000329 0.00
0004.0 0020.30 0714.37 000.00 000.00 000.00 000.00 000853 0.00
0005.0 0005.84 0714.76 000.00 000.00 000.00 000.00 003892 0.00
0006.0 0008.56 0714.77 000.00 000.00 000.00 000.00 001521 0.00
0007.0 0005.82 0712.74 000.00 000.00 000.00 000.00 000839 0.00
0008.0 0004.89 0712.62 000.00 000.00 000.00 000.00 000466 0.00
-------------------------------------------------------
FF_CA0003_20180614_031422_005_0042752.fits
Uncalibrated
CA0003 0001 0006 0025.00 000.0 000.0  00.0 003.0 0338.0 0032.0
0165.0 0949.31 0217.44 000.00 000.00 000.00 000.00 000508 0.00
0166.0 0947.89 0214.65 000.00 000.00 000.00 000.00 001487 0.00
0167.0 0946.59 0211.51 000.00 000.00 000.00 000.00 000665 0.00
0168.0 0944.46 0209.62 000.00 000.00 000.00 000.00 001136 0.00
0169.0 0943.00 0206.70 000.00 000.00 000.00 000.00 000176 0.00
0170.0 0941.28 0204.72 000.00 000.00 000.00 000.00 000212 0.00
-------------------------------------------------------
FF_CA0003_20180614_031847_512_0049408.fits
Uncalibrated
CA0003 0001 0008 0025.00 000.0 000.0  00.0 003.9 0115.1 0294.4
0230.0 0246.99 0664.80 000.00 000.00 000.00 000.00 000161 0.00
0231.0 0245.02 0664.98 000.00 000.00 000.00 000.00 000067 0.00
0232.0 0240.81 0667.29 000.00 000.00 000.00 000.00 000540 0.00
0233.0 0237.05 0670.02 000.00 000.00 000.00 000.00 000697 0.00
0234.0 0233.72 0671.69 000.00 000.00 000.00 000.00 001518 0.00
0235.0 0229.96 0672.60 000.00 000.00 000.00 000.00 000609 0.00
0236.0 0227.50 0674.00 000.00 000.00 000.00 000.00 000064 0.00
0237.0 0221.72 0675.22 000.00 000.00 000.00 000.00 000188 0.00
-------------------------------------------------------
FF_CA0003_20180614_031938_573_0050688.fits
Uncalibrated
CA0003 0001 0009 0025.00 000.0 000.0  00.0 003.8 0253.4 0005.2
0001.0 0860.00 0000.45 000.00 000.00 000.00 000.00 000066 0.00
0002.0 0862.09 0002.98 000.00 000.00 000.00 000.00 001986 0.00
0003.0 0861.78 0007.63 000.00 000.00 000.00 000.00 002609 0.00
0004.0 0862.62 0012.12 000.00 000.00 000.00 000.00 002133 0.00
0005.0 0863.00 0016.58 000.00 000.00 000.00 000.00 000588 0.00
0006.0 0863.50 0020.47 000.00 000.00 000.00 000.00 000281 0.00
0007.0 0864.14 0025.20 000.00 000.00 000.00 000.00 001127 0.00
0008.0 0864.93 0030.10 000.00 000.00 000.00 000.00 000164 0.00
0009.0 0864.36 0030.66 000.00 000.00 000.00 000.00 000085 0.00
-------------------------------------------------------
FF_CA0003_20180614_032151_281_0054016.fits
Uncalibrated
CA0003 0001 0009 0025.00 000.0 000.0  00.0 014.4 0232.8 0085.5
0213.0 0995.08 0155.40 000.00 000.00 000.00 000.00 000170 0.00
0215.0 0967.00 0152.63 000.00 000.00 000.00 000.00 000037 0.00
0216.0 0952.30 0151.57 000.00 000.00 000.00 000.00 000295 0.00
0217.0 0939.95 0149.61 000.00 000.00 000.00 000.00 001173 0.00
0218.0 0926.51 0148.48 000.00 000.00 000.00 000.00 001450 0.00
0219.0 0909.57 0147.40 000.00 000.00 000.00 000.00 001121 0.00
0220.0 0895.41 0146.02 000.00 000.00 000.00 000.00 000850 0.00
0221.0 0882.69 0145.35 000.00 000.00 000.00 000.00 001978 0.00
0222.0 0866.14 0144.10 000.00 000.00 000.00 000.00 000828 0.00
-------------------------------------------------------
FF_CA0003_20180614_033721_580_0077312.fits
Uncalibrated
CA0003 0001 0013 0025.00 000.0 000.0  00.0 006.2 0261.3 0291.8
0053.0 0823.64 0567.31 000.00 000.00 000.00 000.00 000073 0.00
0055.0 0811.48 0572.55 000.00 000.00 000.00 000.00 000957 0.00
0056.0 0805.69 0575.37 000.00 000.00 000.00 000.00 002230 0.00
0057.0 0799.87 0577.17 000.00 000.00 000.00 000.00 002869 0.00
0058.0 0793.94 0579.46 000.00 000.00 000.00 000.00 002956 0.00
0059.0 0788.02 0581.99 000.00 000.00 000.00 000.00 003548 0.00
0060.0 0782.02 0584.27 000.00 000.00 000.00 000.00 003570 0.00
0061.0 0776.00 0586.92 000.00 000.00 000.00 000.00 004354 0.00
0062.0 0770.00 0589.49 000.00 000.00 000.00 000.00 004207 0.00
0063.0 0764.24 0591.79 000.00 000.00 000.00 000.00 003449 0.00
0064.0 0758.82 0594.15 000.00 000.00 000.00 000.00 001691 0.00
0065.0 0752.04 0596.32 000.00 000.00 000.00 000.00 000919 0.00
0066.0 0749.00 0598.00 000.00 000.00 000.00 000.00 000034 0.00
-------------------------------------------------------
FF_CA0003_20180614_034744_819_0092928.fits
Uncalibrated
CA0003 0001 0011 0025.00 000.0 000.0  00.0 007.6 0431.0 0302.2
0229.0 1174.37 0531.00 000.00 000.00 000.00 000.00 000041 0.00
0231.0 1162.72 0539.73 000.00 000.00 000.00 000.00 000069 0.00
0232.0 1156.03 0544.38 000.00 000.00 000.00 000.00 000565 0.00
0233.0 1149.65 0548.40 000.00 000.00 000.00 000.00 000973 0.00
0234.0 1142.45 0552.15 000.00 000.00 000.00 000.00 001778 0.00
0235.0 1136.20 0556.76 000.00 000.00 000.00 000.00 001742 0.00
0236.0 1129.72 0560.90 000.00 000.00 000.00 000.00 001722 0.00
0237.0 1123.63 0564.73 000.00 000.00 000.00 000.00 001746 0.00
0238.0 1118.06 0568.31 000.00 000.00 000.00 000.00 001590 0.00
0239.0 1109.44 0573.56 000.00 000.00 000.00 000.00 000815 0.00
0240.0 1104.28 0576.55 000.00 000.00 000.00 000.00 001699 0.00
-------------------------------------------------------
FF_CA0003_20180614_040112_683_0113152.fits
Uncalibrated
CA0003 0001 0014 0025.00 000.0 000.0  00.0 001.7 0344.6 0148.6
0025.0 0061.97 0645.18 000.00 000.00 000.00 000.00 000453 0.00
0026.0 0060.66 0646.88 000.00 000.00 000.00 000.00 000455 0.00
0027.0 0060.49 0648.40 000.00 000.00 000.00 000.00 001180 0.00
0028.0 0058.68 0649.52 000.00 000.00 000.00 000.00 000736 0.00
0029.0 0058.47 0651.20 000.00 000.00 000.00 000.00 000468 0.00
0030.0 0058.01 0652.97 000.00 000.00 000.00 000.00 000684 0.00
0031.0 0055.87 0653.03 000.00 000.00 000.00 000.00 000704 0.00
0032.0 0056.69 0655.66 000.00 000.00 000.00 000.00 000159 0.00
0033.0 0055.07 0655.25 000.00 000.00 000.00 000.00 000264 0.00
0034.0 0054.26 0657.69 000.00 000.00 000.00 000.00 000618 0.00
0035.0 0053.67 0659.62 000.00 000.00 000.00 000.00 000408 0.00
0036.0 0052.01 0659.00 000.00 000.00 000.00 000.00 000220 0.00
0037.0 0050.59 0663.03 000.00 000.00 000.00 000.00 007747 0.00
0039.0 0050.00 0666.46 000.00 000.00 000.00 000.00 000050 0.00
-------------------------------------------------------
FF_CA0003_20180614_044700_594_0182016.fits
Uncalibrated
CA0003 0001 0015 0025.00 000.0 000.0  00.0 002.7 0111.1 -145.5
0128.0 0673.67 0604.25 000.00 000.00 000.00 000.00 000783 0.00
0129.0 0674.60 0606.62 000.00 000.00 000.00 000.00 000494 0.00
0130.0 0677.22 0610.01 000.00 000.00 000.00 000.00 000246 0.00
0131.0 0677.28 0610.95 000.00 000.00 000.00 000.00 000610 0.00
0132.0 0679.49 0613.86 000.00 000.00 000.00 000.00 001200 0.00
0133.0 0681.87 0616.34 000.00 000.00 000.00 000.00 001195 0.00
0134.0 0682.89 0618.96 000.00 000.00 000.00 000.00 000756 0.00
0135.0 0685.21 0620.98 000.00 000.00 000.00 000.00 001407 0.00
0136.0 0686.09 0623.11 000.00 000.00 000.00 000.00 001044 0.00
0137.0 0687.91 0625.58 000.00 000.00 000.00 000.00 001606 0.00
0138.0 0689.42 0626.91 000.00 000.00 000.00 000.00 000465 0.00
0139.0 0690.27 0629.34 000.00 000.00 000.00 000.00 001368 0.00
0140.0 0692.37 0632.43 000.00 000.00 000.00 000.00 001712 0.00
0141.0 0693.74 0634.44 000.00 000.00 000.00 000.00 000471 0.00
0142.0 0694.00 0636.00 000.00 000.00 000.00 000.00 000036 0.00
-------------------------------------------------------
FF_CA0003_20180614_050929_076_0215808.fits
Uncalibrated
CA0003 0001 0009 0025.00 000.0 000.0  00.0 005.8 0004.3 0168.7
0005.0 0648.16 0295.43 000.00 000.00 000.00 000.00 001351 0.00
0006.0 0647.25 0301.43 000.00 000.00 000.00 000.00 002929 0.00
0007.0 0645.91 0307.81 000.00 000.00 000.00 000.00 002738 0.00
0008.0 0644.75 0313.86 000.00 000.00 000.00 000.00 002336 0.00
0009.0 0643.27 0319.53 000.00 000.00 000.00 000.00 003184 0.00
0010.0 0642.20 0326.08 000.00 000.00 000.00 000.00 001231 0.00
0011.0 0641.20 0332.85 000.00 000.00 000.00 000.00 001627 0.00
0012.0 0640.10 0338.51 000.00 000.00 000.00 000.00 000784 0.00
0013.0 0639.00 0341.00 000.00 000.00 000.00 000.00 000029 0.00
-------------------------------------------------------
FF_CA0003_20180614_050949_478_0216320.fits
Uncalibrated
CA0003 0001 0013 0025.00 000.0 000.0  00.0 002.9 0108.8 -151.6
0063.0 0658.64 0624.22 000.00 000.00 000.00 000.00 000169 0.00
0064.0 0660.67 0625.91 000.00 000.00 000.00 000.00 000339 0.00
0065.0 0661.79 0628.76 000.00 000.00 000.00 000.00 000221 0.00
0066.0 0663.55 0631.00 000.00 000.00 000.00 000.00 000802 0.00
0067.0 0664.77 0634.48 000.00 000.00 000.00 000.00 000509 0.00
0068.0 0666.24 0636.15 000.00 000.00 000.00 000.00 001278 0.00
0069.0 0667.68 0638.99 000.00 000.00 000.00 000.00 000581 0.00
0070.0 0669.25 0641.92 000.00 000.00 000.00 000.00 000567 0.00
0071.0 0670.41 0644.15 000.00 000.00 000.00 000.00 001713 0.00
0072.0 0671.57 0647.18 000.00 000.00 000.00 000.00 001197 0.00
0073.0 0672.77 0649.32 000.00 000.00 000.00 000.00 000228 0.00
0074.0 0674.14 0652.01 000.00 000.00 000.00 000.00 000547 0.00
0075.0 0676.03 0654.03 000.00 000.00 000.00 000.00 000196 0.00
-------------------------------------------------------
FF_CA0003_20180614_051547_085_0225280.fits
Uncalibrated
CA0003 0001 0004 0025.00 000.0 000.0  00.0 008.0 0296.0 0138.2
0184.0 0351.82 0238.30 000.00 000.00 000.00 000.00 000962 0.00
0185.0 0344.90 0245.36 000.00 000.00 000.00 000.00 001206 0.00
0186.0 0335.64 0256.33 000.00 000.00 000.00 000.00 000283 0.00
0187.0 0336.54 0257.00 000.00 000.00 000.00 000.00 000043 0.00
-------------------------------------------------------
FF_CA0003_20180614_051820_493_0229120.fits
Uncalibrated
CA0003 0001 0013 0025.00 000.0 000.0  00.0 008.5 0461.0 0150.9
0068.0 0116.70 0353.95 000.00 000.00 000.00 000.00 001287 0.00
0069.0 0111.87 0361.67 000.00 000.00 000.00 000.00 001657 0.00
0070.0 0107.04 0369.45 000.00 000.00 000.00 000.00 003727 0.00
0071.0 0102.42 0377.58 000.00 000.00 000.00 000.00 004396 0.00
0072.0 0098.36 0385.00 000.00 000.00 000.00 000.00 005024 0.00
0073.0 0093.74 0392.61 000.00 000.00 000.00 000.00 007062 0.00
0074.0 0089.70 0400.13 000.00 000.00 000.00 000.00 007893 0.00
0075.0 0085.48 0407.87 000.00 000.00 000.00 000.00 009770 0.00
0076.0 0081.36 0414.89 000.00 000.00 000.00 000.00 008725 0.00
0077.0 0077.27 0422.27 000.00 000.00 000.00 000.00 009859 0.00
0078.0 0073.41 0429.58 000.00 000.00 000.00 000.00 008822 0.00
0079.0 0069.22 0437.56 000.00 000.00 000.00 000.00 008992 0.00
0080.0 0066.64 0442.65 000.00 000.00 000.00 000.00 000165 0.00
-------------------------------------------------------
FF_CA0003_20180614_052915_473_0245504.fits
Uncalibrated
CA0003 0001 0007 0025.00 000.0 000.0  00.0 002.9 0449.4 0020.6
0183.0 1165.66 0481.05 000.00 000.00 000.00 000.00 000399 0.00
0184.0 1166.74 0484.37 000.00 000.00 000.00 000.00 000705 0.00
0185.0 1168.33 0487.99 000.00 000.00 000.00 000.00 001333 0.00
0186.0 1170.08 0491.45 000.00 000.00 000.00 000.00 000517 0.00
0187.0 1170.49 0495.04 000.00 000.00 000.00 000.00 000611 0.00
0188.0 1170.95 0500.04 000.00 000.00 000.00 000.00 000163 0.00
0189.0 1172.00 0497.00 000.00 000.00 000.00 000.00 000028 0.00
-------------------------------------------------------
FF_CA0003_20180614_053736_023_0258048.fits
Uncalibrated
CA0003 0001 0018 0025.00 000.0 000.0  00.0 003.4 0455.2 -135.7
0107.0 0158.58 0519.13 000.00 000.00 000.00 000.00 000306 0.00
0108.0 0160.19 0520.54 000.00 000.00 000.00 000.00 000182 0.00
0109.0 0163.98 0524.16 000.00 000.00 000.00 000.00 000250 0.00
0110.0 0165.97 0526.59 000.00 000.00 000.00 000.00 000167 0.00
0112.0 0172.13 0532.36 000.00 000.00 000.00 000.00 000175 0.00
0113.0 0173.62 0533.58 000.00 000.00 000.00 000.00 000175 0.00
0114.0 0177.00 0537.00 000.00 000.00 000.00 000.00 000027 0.00
0115.0 0177.75 0538.83 000.00 000.00 000.00 000.00 000478 0.00
0116.0 0181.32 0542.56 000.00 000.00 000.00 000.00 000460 0.00
0117.0 0183.98 0544.72 000.00 000.00 000.00 000.00 000890 0.00
0118.0 0186.58 0546.88 000.00 000.00 000.00 000.00 000652 0.00
0119.0 0188.94 0549.34 000.00 000.00 000.00 000.00 001300 0.00
0120.0 0191.35 0551.85 000.00 000.00 000.00 000.00 000449 0.00
0121.0 0193.82 0554.30 000.00 000.00 000.00 000.00 000950 0.00
0122.0 0196.73 0557.13 000.00 000.00 000.00 000.00 001364 0.00
0123.0 0198.99 0559.67 000.00 000.00 000.00 000.00 000881 0.00
0124.0 0201.32 0562.01 000.00 000.00 000.00 000.00 000432 0.00
0125.0 0201.50 0564.00 000.00 000.00 000.00 000.00 000080 0.00
-------------------------------------------------------
FF_CA0003_20180614_053948_768_0261376.fits
Uncalibrated
CA0003 0001 0007 0025.00 000.0 000.0  00.0 004.5 0449.9 0157.3
0074.0 0018.35 0682.28 000.00 000.00 000.00 000.00 001026 0.00
0075.0 0008.10 0703.15 000.00 000.00 000.00 000.00 007260 0.00
0076.0 0008.72 0702.31 000.00 000.00 000.00 000.00 000451 0.00
0077.0 0014.63 0694.10 000.00 000.00 000.00 000.00 001635 0.00
0078.0 0014.09 0693.73 000.00 000.00 000.00 000.00 000984 0.00
0079.0 0003.52 0712.77 000.00 000.00 000.00 000.00 005369 0.00
0080.0 0006.76 0706.61 000.00 000.00 000.00 000.00 002751 0.00
-------------------------------------------------------
FF_CA0003_20180614_053948_768_0261376.fits
Uncalibrated
CA0003 0002 0007 0025.00 000.0 000.0  00.0 003.6 0354.9 0148.0
0074.0 0016.32 0688.14 000.00 000.00 000.00 000.00 001026 0.00
0075.0 0007.46 0701.68 000.00 000.00 000.00 000.00 007143 0.00
0076.0 0008.72 0702.31 000.00 000.00 000.00 000.00 000411 0.00
0077.0 0017.52 0690.04 000.00 000.00 000.00 000.00 001635 0.00
0078.0 0015.00 0691.44 000.00 000.00 000.00 000.00 000984 0.00
0079.0 0002.12 0712.76 000.00 000.00 000.00 000.00 005203 0.00
0080.0 0005.07 0706.44 000.00 000.00 000.00 000.00 002516 0.00
-------------------------------------------------------
FF_CA0003_20180614_053948_768_0261376.fits
Uncalibrated
CA0003 0003 0006 0025.00 000.0 000.0  00.0 003.1 0716.9 -149.0
0075.0 0006.90 0698.42 000.00 000.00 000.00 000.00 007733 0.00
0076.0 0009.00 0705.53 000.00 000.00 000.00 000.00 000577 0.00
0077.0 0007.94 0704.65 000.00 000.00 000.00 000.00 002133 0.00
0078.0 0012.00 0706.50 000.00 000.00 000.00 000.00 000984 0.00
0079.0 0016.15 0714.07 000.00 000.00 000.00 000.00 005405 0.00
0080.0 0015.50 0711.50 000.00 000.00 000.00 000.00 002791 0.00
-------------------------------------------------------
FF_CA0003_20180614_054151_273_0264448.fits
Uncalibrated
CA0003 0001 0005 0025.00 000.0 000.0  00.0 006.5 0087.4 0147.3
0245.0 0563.00 0319.03 000.00 000.00 000.00 000.00 000033 0.00
0246.0 0559.46 0323.15 000.00 000.00 000.00 000.00 007336 0.00
0247.0 0555.71 0329.87 000.00 000.00 000.00 000.00 008418 0.00
0248.0 0551.91 0335.53 000.00 000.00 000.00 000.00 005339 0.00
0249.0 0548.93 0340.98 000.00 000.00 000.00 000.00 000463 0.00
-------------------------------------------------------
FF_CA0003_20180614_054748_779_0273408.fits
Uncalibrated
CA0003 0001 0012 0025.00 000.0 000.0  00.0 003.8 0232.7 0309.6
0244.0 0723.00 0592.00 000.00 000.00 000.00 000.00 000027 0.00
0245.0 0721.11 0594.14 000.00 000.00 000.00 000.00 000345 0.00
0246.0 0719.67 0596.16 000.00 000.00 000.00 000.00 000381 0.00
0247.0 0716.25 0599.21 000.00 000.00 000.00 000.00 001758 0.00
0248.0 0713.33 0601.57 000.00 000.00 000.00 000.00 001959 0.00
0249.0 0710.30 0604.05 000.00 000.00 000.00 000.00 003332 0.00
0250.0 0707.15 0606.09 000.00 000.00 000.00 000.00 003063 0.00
0251.0 0704.60 0608.56 000.00 000.00 000.00 000.00 003585 0.00
0252.0 0701.95 0611.83 000.00 000.00 000.00 000.00 003911 0.00
0253.0 0698.50 0613.30 000.00 000.00 000.00 000.00 005068 0.00
0254.0 0695.43 0616.16 000.00 000.00 000.00 000.00 003390 0.00
0255.0 0691.99 0619.23 000.00 000.00 000.00 000.00 006422 0.00
-------------------------------------------------------
FF_CA0003_20180614_054759_030_0273664.fits
Uncalibrated
CA0003 0001 0031 0025.00 000.0 000.0  00.0 003.8 0234.2 0309.1
0000.0 0690.74 0620.07 000.00 000.00 000.00 000.00 005352 0.00
0001.0 0686.57 0622.98 000.00 000.00 000.00 000.00 005465 0.00
0002.0 0684.06 0626.30 000.00 000.00 000.00 000.00 005010 0.00
0003.0 0680.75 0628.15 000.00 000.00 000.00 000.00 004985 0.00
0004.0 0678.26 0631.02 000.00 000.00 000.00 000.00 004953 0.00
0005.0 0674.88 0633.27 000.00 000.00 000.00 000.00 005199 0.00
0006.0 0671.91 0636.01 000.00 000.00 000.00 000.00 005153 0.00
0007.0 0669.01 0638.32 000.00 000.00 000.00 000.00 004825 0.00
0008.0 0665.85 0640.59 000.00 000.00 000.00 000.00 004922 0.00
0009.0 0662.73 0643.09 000.00 000.00 000.00 000.00 005469 0.00
0010.0 0660.12 0646.25 000.00 000.00 000.00 000.00 005108 0.00
0011.0 0656.38 0648.33 000.00 000.00 000.00 000.00 005467 0.00
0012.0 0653.44 0651.21 000.00 000.00 000.00 000.00 004602 0.00
0013.0 0650.25 0653.58 000.00 000.00 000.00 000.00 004722 0.00
0014.0 0647.04 0656.01 000.00 000.00 000.00 000.00 004513 0.00
0015.0 0643.94 0658.63 000.00 000.00 000.00 000.00 005076 0.00
0016.0 0640.84 0661.28 000.00 000.00 000.00 000.00 004598 0.00
0017.0 0637.81 0663.34 000.00 000.00 000.00 000.00 004052 0.00
0018.0 0634.84 0665.84 000.00 000.00 000.00 000.00 004338 0.00
0019.0 0631.68 0668.21 000.00 000.00 000.00 000.00 004757 0.00
0020.0 0628.96 0670.75 000.00 000.00 000.00 000.00 004442 0.00
0021.0 0625.68 0673.31 000.00 000.00 000.00 000.00 004718 0.00
0022.0 0622.37 0675.46 000.00 000.00 000.00 000.00 003111 0.00
0023.0 0619.67 0677.81 000.00 000.00 000.00 000.00 003958 0.00
0024.0 0617.01 0680.21 000.00 000.00 000.00 000.00 003378 0.00
0025.0 0614.18 0682.43 000.00 000.00 000.00 000.00 002974 0.00
0026.0 0611.75 0684.65 000.00 000.00 000.00 000.00 002649 0.00
0027.0 0608.55 0686.38 000.00 000.00 000.00 000.00 002980 0.00
0028.0 0606.87 0688.62 000.00 000.00 000.00 000.00 001195 0.00
0029.0 0604.28 0690.06 000.00 000.00 000.00 000.00 000983 0.00
0030.0 0602.10 0691.82 000.00 000.00 000.00 000.00 000125 0.00
-------------------------------------------------------
FF_CA0003_20180614_060714_115_0302592.fits
Uncalibrated
CA0003 0001 0014 0025.00 000.0 000.0  00.0 003.8 0097.9 0051.3
0139.0 0713.48 0293.77 000.00 000.00 000.00 000.00 000123 0.00
0141.0 0721.10 0299.71 000.00 000.00 000.00 000.00 000184 0.00
0143.0 0728.92 0305.02 000.00 000.00 000.00 000.00 000356 0.00
0144.0 0731.56 0307.98 000.00 000.00 000.00 000.00 000446 0.00
0145.0 0737.25 0310.42 000.00 000.00 000.00 000.00 000135 0.00
0146.0 0737.90 0313.41 000.00 000.00 000.00 000.00 000842 0.00
0147.0 0742.36 0316.61 000.00 000.00 000.00 000.00 000659 0.00
0148.0 0745.42 0318.55 000.00 000.00 000.00 000.00 000948 0.00
0149.0 0749.25 0322.35 000.00 000.00 000.00 000.00 000835 0.00
0150.0 0749.50 0322.40 000.00 000.00 000.00 000.00 000476 0.00
0151.0 0754.52 0326.00 000.00 000.00 000.00 000.00 000689 0.00
0152.0 0755.50 0327.16 000.00 000.00 000.00 000.00 000169 0.00
0153.0 0756.01 0328.49 000.00 000.00 000.00 000.00 000144 0.00
0154.0 0757.00 0330.00 000.00 000.00 000.00 000.00 000022 0.00
-------------------------------------------------------
FF_CA0003_20180614_062223_730_0325376.fits
Uncalibrated
CA0003 0001 0007 0025.00 000.0 000.0  00.0 003.2 0154.6 0062.1
0012.0 0619.97 0174.79 000.00 000.00 000.00 000.00 000110 0.00
0013.0 0621.51 0176.51 000.00 000.00 000.00 000.00 000045 0.00
0014.0 0625.67 0177.33 000.00 000.00 000.00 000.00 000534 0.00
0015.0 0629.07 0179.58 000.00 000.00 000.00 000.00 000171 0.00
0016.0 0633.57 0180.95 000.00 000.00 000.00 000.00 001309 0.00
0017.0 0633.80 0182.54 000.00 000.00 000.00 000.00 000506 0.00
0018.0 0636.43 0184.57 000.00 000.00 000.00 000.00 000072 0.00
-------------------------------------------------------
FF_CA0003_20180614_062649_946_0332032.fits
Uncalibrated
CA0003 0001 0015 0025.00 000.0 000.0  00.0 011.1 0217.3 0336.5
0205.0 0906.44 0288.60 000.00 000.00 000.00 000.00 000083 0.00
0206.0 0903.05 0297.61 000.00 000.00 000.00 000.00 005581 0.00
0207.0 0898.75 0307.18 000.00 000.00 000.00 000.00 012086 0.00
0208.0 0894.39 0317.93 000.00 000.00 000.00 000.00 014970 0.00
0209.0 0890.54 0328.28 000.00 000.00 000.00 000.00 017560 0.00
0210.0 0885.85 0338.80 000.00 000.00 000.00 000.00 019715 0.00
0211.0 0881.28 0349.37 000.00 000.00 000.00 000.00 020868 0.00
0212.0 0876.68 0360.48 000.00 000.00 000.00 000.00 022151 0.00
0213.0 0871.69 0371.12 000.00 000.00 000.00 000.00 021941 0.00
0214.0 0867.51 0381.81 000.00 000.00 000.00 000.00 020695 0.00
0215.0 0862.57 0392.88 000.00 000.00 000.00 000.00 020415 0.00
0216.0 0857.47 0403.91 000.00 000.00 000.00 000.00 019616 0.00
0217.0 0852.85 0414.77 000.00 000.00 000.00 000.00 017475 0.00
0218.0 0848.20 0424.64 000.00 000.00 000.00 000.00 008287 0.00
0219.0 0845.56 0432.00 000.00 000.00 000.00 000.00 000041 0.00
-------------------------------------------------------
FF_CA0003_20180614_063632_048_0346624.fits
Uncalibrated
CA0003 0001 0006 0025.00 000.0 000.0  00.0 009.2 0207.5 0147.0
0165.0 0345.34 0431.32 000.00 000.00 000.00 000.00 001898 0.00
0166.0 0341.55 0437.99 000.00 000.00 000.00 000.00 004961 0.00
0167.0 0336.16 0446.52 000.00 000.00 000.00 000.00 006054 0.00
0168.0 0331.41 0453.67 000.00 000.00 000.00 000.00 003292 0.00
0169.0 0327.24 0461.44 000.00 000.00 000.00 000.00 001191 0.00
0170.0 0321.49 0470.51 000.00 000.00 000.00 000.00 000079 0.00
-------------------------------------------------------
FF_CA0003_20180614_063855_161_0350208.fits
Uncalibrated
CA0003 0001 0009 0025.00 000.0 000.0  00.0 006.6 0401.7 0160.4
0025.0 0160.16 0511.14 000.00 000.00 000.00 000.00 000542 0.00
0026.0 0158.12 0516.75 000.00 000.00 000.00 000.00 002136 0.00
0027.0 0155.52 0524.05 000.00 000.00 000.00 000.00 001975 0.00
0028.0 0153.10 0530.81 000.00 000.00 000.00 000.00 003662 0.00
0029.0 0151.00 0537.60 000.00 000.00 000.00 000.00 003174 0.00
0030.0 0148.81 0543.51 000.00 000.00 000.00 000.00 003270 0.00
0031.0 0146.56 0550.18 000.00 000.00 000.00 000.00 004408 0.00
0032.0 0144.00 0556.96 000.00 000.00 000.00 000.00 003218 0.00
0033.0 0142.35 0560.66 000.00 000.00 000.00 000.00 000092 0.00
-------------------------------------------------------
FF_CA0003_20180614_064544_053_0360448.fits
Uncalibrated
CA0003 0001 0005 0025.00 000.0 000.0  00.0 013.0 0347.4 0151.9
0137.0 0343.02 0180.13 000.00 000.00 000.00 000.00 001486 0.00
0138.0 0337.45 0189.08 000.00 000.00 000.00 000.00 007210 0.00
0139.0 0329.97 0202.63 000.00 000.00 000.00 000.00 018124 0.00
0140.0 0323.55 0215.08 000.00 000.00 000.00 000.00 016403 0.00
0141.0 0317.73 0225.75 000.00 000.00 000.00 000.00 007867 0.00
-------------------------------------------------------
FF_CA0003_20180614_072008_200_0412160.fits
Uncalibrated
CA0003 0001 0008 0025.00 000.0 000.0  00.0 012.6 0258.9 0041.0
0207.0 0680.68 0012.09 000.00 000.00 000.00 000.00 001647 0.00
0208.0 0689.82 0022.33 000.00 000.00 000.00 000.00 001193 0.00
0209.0 0698.41 0032.08 000.00 000.00 000.00 000.00 001230 0.00
0210.0 0706.25 0041.95 000.00 000.00 000.00 000.00 001371 0.00
0211.0 0715.22 0051.26 000.00 000.00 000.00 000.00 000691 0.00
0212.0 0721.10 0058.48 000.00 000.00 000.00 000.00 000337 0.00
0213.0 0731.35 0070.86 000.00 000.00 000.00 000.00 000188 0.00
0214.0 0738.13 0078.99 000.00 000.00 000.00 000.00 000173 0.00
-------------------------------------------------------
FF_CA0003_20180614_072534_992_0420352.fits
Uncalibrated
CA0003 0001 0005 0025.00 000.0 000.0  00.0 004.9 0521.6 -155.0
0000.0 0181.50 0611.76 000.00 000.00 000.00 000.00 000647 0.00
0001.0 0184.72 0616.67 000.00 000.00 000.00 000.00 000767 0.00
0002.0 0186.93 0622.13 000.00 000.00 000.00 000.00 001449 0.00
0003.0 0189.23 0627.14 000.00 000.00 000.00 000.00 000558 0.00
0004.0 0189.53 0629.45 000.00 000.00 000.00 000.00 000127 0.00
-------------------------------------------------------
FF_CA0003_20180614_072808_136_0424192.fits
Uncalibrated
CA0003 0001 0006 0025.00 000.0 000.0  00.0 012.6 0203.6 0349.9
0019.0 0874.97 0208.33 000.00 000.00 000.00 000.00 000647 0.00
0020.0 0872.91 0219.39 000.00 000.00 000.00 000.00 001323 0.00
0021.0 0870.57 0231.74 000.00 000.00 000.00 000.00 003826 0.00
0022.0 0867.86 0244.87 000.00 000.00 000.00 000.00 006097 0.00
0023.0 0865.18 0258.31 000.00 000.00 000.00 000.00 007726 0.00
0024.0 0863.06 0270.19 000.00 000.00 000.00 000.00 004656 0.00
-------------------------------------------------------
FF_CA0003_20180614_074236_256_0445952.fits
Uncalibrated
CA0003 0001 0015 0025.00 000.0 000.0  00.0 002.4 0332.8 0098.1
0000.0 0760.78 0006.29 000.00 000.00 000.00 000.00 008431 0.00
0001.0 0764.05 0005.55 000.00 000.00 000.00 000.00 006679 0.00
0002.0 0766.78 0005.39 000.00 000.00 000.00 000.00 003849 0.00
0003.0 0765.22 0003.78 000.00 000.00 000.00 000.00 001952 0.00
0005.0 0773.55 0003.54 000.00 000.00 000.00 000.00 005239 0.00
0006.0 0775.86 0003.28 000.00 000.00 000.00 000.00 005487 0.00
0007.0 0779.18 0003.50 000.00 000.00 000.00 000.00 004387 0.00
0008.0 0780.75 0002.59 000.00 000.00 000.00 000.00 002946 0.00
0009.0 0782.67 0002.32 000.00 000.00 000.00 000.00 002415 0.00
0010.0 0784.95 0002.03 000.00 000.00 000.00 000.00 002939 0.00
0011.0 0787.41 0001.74 000.00 000.00 000.00 000.00 002253 0.00
0012.0 0788.65 0000.56 000.00 000.00 000.00 000.00 001485 0.00
0013.0 0790.46 0002.08 000.00 000.00 000.00 000.00 000909 0.00
0014.0 0791.00 0002.44 000.00 000.00 000.00 000.00 000095 0.00
0016.0 0798.34 0001.66 000.00 000.00 000.00 000.00 000893 0.00
-------------------------------------------------------
FF_CA0003_20180614_074610_856_0451328.fits
Uncalibrated
CA0003 0001 0010 0025.00 000.0 000.0  00.0 003.9 0197.3 0316.3
0246.0 1023.11 0245.57 000.00 000.00 000.00 000.00 000707 0.00
0247.0 1020.12 0247.68 000.00 000.00 000.00 000.00 001424 0.00
0248.0 1017.37 0251.10 000.00 000.00 000.00 000.00 000745 0.00
0249.0 1014.42 0253.24 000.00 000.00 000.00 000.00 002244 0.00
0250.0 1011.73 0256.53 000.00 000.00 000.00 000.00 002091 0.00
0251.0 1009.24 0259.68 000.00 000.00 000.00 000.00 002668 0.00
0252.0 1006.20 0262.48 000.00 000.00 000.00 000.00 003754 0.00
0253.0 1003.56 0265.71 000.00 000.00 000.00 000.00 002582 0.00
0254.0 1000.59 0268.15 000.00 000.00 000.00 000.00 001241 0.00
0255.0 0998.88 0270.73 000.00 000.00 000.00 000.00 000401 0.00
-------------------------------------------------------
FF_CA0003_20180614_074226_049_0445696.fits
Uncalibrated
CA0003 0001 0012 0025.00 000.0 000.0  00.0 002.0 0157.0 0086.6
0002.0 0416.29 0188.57 000.00 000.00 000.00 000.00 022711 0.00
0003.0 0423.22 0191.76 000.00 000.00 000.00 000.00 003915 0.00
0004.0 0423.88 0191.06 000.00 000.00 000.00 000.00 001883 0.00
0005.0 0426.49 0191.67 000.00 000.00 000.00 000.00 003820 0.00
0006.0 0427.04 0190.73 000.00 000.00 000.00 000.00 002582 0.00
0007.0 0427.75 0189.91 000.00 000.00 000.00 000.00 002807 0.00
0008.0 0429.78 0189.88 000.00 000.00 000.00 000.00 004585 0.00
0009.0 0432.06 0190.13 000.00 000.00 000.00 000.00 002844 0.00
0010.0 0431.13 0188.28 000.00 000.00 000.00 000.00 002244 0.00
0013.0 0437.12 0188.73 000.00 000.00 000.00 000.00 003522 0.00
0014.0 0438.05 0188.00 000.00 000.00 000.00 000.00 003598 0.00
0015.0 0442.21 0189.08 000.00 000.00 000.00 000.00 001559 0.00
-------------------------------------------------------
FF_CA0003_20180614_075208_606_0460288.fits
Uncalibrated
CA0003 0001 0008 0025.00 000.0 000.0  00.0 009.1 0070.3 0047.4
0097.0 0684.81 0305.51 000.00 000.00 000.00 000.00 001042 0.00
0098.0 0690.71 0310.90 000.00 000.00 000.00 000.00 001812 0.00
0099.0 0697.97 0318.00 000.00 000.00 000.00 000.00 001774 0.00
0100.0 0704.55 0323.28 000.00 000.00 000.00 000.00 001775 0.00
0101.0 0711.67 0330.20 000.00 000.00 000.00 000.00 001677 0.00
0102.0 0718.23 0336.28 000.00 000.00 000.00 000.00 001220 0.00
0103.0 0725.14 0343.14 000.00 000.00 000.00 000.00 001718 0.00
0104.0 0731.05 0349.06 000.00 000.00 000.00 000.00 000567 0.00
-------------------------------------------------------
FF_CA0003_20180614_075613_861_0466432.fits
Uncalibrated
CA0003 0001 0009 0025.00 000.0 000.0  00.0 005.3 0403.2 0054.1
0181.0 1137.21 0222.36 000.00 000.00 000.00 000.00 000131 0.00
0182.0 1141.70 0225.17 000.00 000.00 000.00 000.00 000710 0.00
0183.0 1146.26 0229.07 000.00 000.00 000.00 000.00 001044 0.00
0184.0 1151.25 0232.48 000.00 000.00 000.00 000.00 000456 0.00
0185.0 1156.11 0236.23 000.00 000.00 000.00 000.00 000946 0.00
0186.0 1160.97 0239.28 000.00 000.00 000.00 000.00 000959 0.00
0187.0 1165.00 0242.54 000.00 000.00 000.00 000.00 000490 0.00
0188.0 1169.86 0245.35 000.00 000.00 000.00 000.00 000780 0.00
0189.0 1171.00 0248.00 000.00 000.00 000.00 000.00 000022 0.00
-------------------------------------------------------
FF_CA0003_20180614_075938_170_0471552.fits
Uncalibrated
CA0003 0001 0004 0025.00 000.0 000.0  00.0 006.3 0351.5 -170.0
0208.0 0278.80 0335.82 000.00 000.00 000.00 000.00 001674 0.00
0209.0 0280.13 0342.21 000.00 000.00 000.00 000.00 002982 0.00
0210.0 0280.87 0348.54 000.00 000.00 000.00 000.00 001462 0.00
0211.0 0282.28 0354.53 000.00 000.00 000.00 000.00 000629 0.00
-------------------------------------------------------
FF_CA0003_20180614_081507_569_0494848.fits
Uncalibrated
CA0003 0001 0004 0025.00 000.0 000.0  00.0 009.6 0250.2 0341.0
0113.0 0954.96 0214.42 000.00 000.00 000.00 000.00 001714 0.00
0114.0 0950.15 0230.16 000.00 000.00 000.00 000.00 000189 0.00
0115.0 0945.49 0241.56 000.00 000.00 000.00 000.00 000421 0.00
0116.0 0947.00 0242.00 000.00 000.00 000.00 000.00 000026 0.00
-------------------------------------------------------
FF_CA0003_20180614_082551_045_0510976.fits
Uncalibrated
CA0003 0001 0004 0025.00 000.0 000.0  00.0 004.9 0387.9 0101.3
0023.0 0012.70 0089.81 000.00 000.00 000.00 000.00 001134 0.00
0026.0 0023.00 0091.00 000.00 000.00 000.00 000.00 000131 0.00
0027.0 0023.00 0089.49 000.00 000.00 000.00 000.00 000240 0.00
0031.0 0051.34 0081.67 000.00 000.00 000.00 000.00 000101 0.00
-------------------------------------------------------
FF_CA0003_20180614_082601_275_0511232.fits
Uncalibrated
CA0003 0001 0004 0025.00 000.0 000.0  00.0 007.4 0073.0 0163.6
0009.0 0512.00 0534.02 000.00 000.00 000.00 000.00 000189 0.00
0010.0 0511.16 0539.51 000.00 000.00 000.00 000.00 002029 0.00
0011.0 0508.75 0548.81 000.00 000.00 000.00 000.00 003531 0.00
0012.0 0506.37 0555.62 000.00 000.00 000.00 000.00 002853 0.00
-------------------------------------------------------
FF_CA0003_20180614_082925_701_0516352.fits
Uncalibrated
CA0003 0001 0005 0025.00 000.0 000.0  00.0 007.5 0269.1 0088.2
0237.0 0797.84 0096.15 000.00 000.00 000.00 000.00 003162 0.00
0238.0 0772.00 0097.00 000.00 000.00 000.00 000.00 000578 0.00
0239.0 0769.73 0094.68 000.00 000.00 000.00 000.00 000343 0.00
0240.0 0769.00 0095.00 000.00 000.00 000.00 000.00 000191 0.00
0241.0 0768.00 0095.00 000.00 000.00 000.00 000.00 000046 0.00
