Meteor Count = 000046
-----------------------------------------------------
Processed with RMS 20180529_235125 aca7ccacb9f0d345a4716caee6245fa99cf3680c on 2018-06-19 03:11:10.585589 UTC
-----------------------------------------------------
FF  folder = /home/patrik/Desktop/CA0003_20180614_024551_045135_detected
CAL folder = /home/patrik/Desktop/CA0003_20180614_024551_045135_detected
-----------------------------------------------------
FF  file processed
CAL file processed
Cam# Meteor# #Segments fps hnr mle bin Pix/fm Rho Phi
Per segment:  Frame# Col Row RA Dec Azim Elev Inten Mag
-------------------------------------------------------
FF_CA0003_20180614_024646_575_0001280.fits
Calibrated with RMS on: 2018-06-19 03:11:10.313361 UTC
CA0003 01.0 0004 0025.00 000.0 000.0  00.0 007.0 0113.1 0153.4
100.0000 0556.01 0273.90 129.5496 +53.0934 000.0000 +00.0000 095988 -1.84
101.0000 0557.53 0274.46 129.4535 +53.1496 000.0000 +00.0000 012866 0.34
102.0000 0559.37 0273.35 129.4718 +53.2556 000.0000 +00.0000 002885 1.96
103.0000 0565.00 0255.00 130.6782 +53.8927 000.0000 +00.0000 000021 7.31
-------------------------------------------------------
FF_CA0003_20180614_024646_575_0001280.fits
Calibrated with RMS on: 2018-06-19 03:11:10.313361 UTC
CA0003 02.0 0004 0025.00 000.0 000.0  00.0 007.2 0085.8 0175.2
100.0000 0561.27 0276.18 129.1897 +53.2801 000.0000 +00.0000 096138 -1.84
101.0000 0560.10 0275.36 129.2938 +53.2454 000.0000 +00.0000 012844 0.34
102.0000 0559.46 0273.96 129.4225 +53.2467 000.0000 +00.0000 002885 1.96
103.0000 0565.00 0255.00 130.6782 +53.8927 000.0000 +00.0000 000021 7.31
-------------------------------------------------------
FF_CA0003_20180614_025143_014_0008704.fits
Calibrated with RMS on: 2018-06-19 03:11:10.313361 UTC
CA0003 01.0 0016 0025.00 000.0 000.0  00.0 002.7 0273.8 -158.6
145.0000 0418.00 0540.42 119.0722 +40.4402 000.0000 +00.0000 000056 6.24
146.0000 0417.60 0543.78 118.9069 +40.3263 000.0000 +00.0000 000561 3.74
147.0000 0420.00 0545.06 118.7495 +40.3895 000.0000 +00.0000 000111 5.50
148.0000 0420.89 0548.65 118.5245 +40.3222 000.0000 +00.0000 000288 4.47
149.0000 0420.36 0551.38 118.3987 +40.2203 000.0000 +00.0000 000984 3.13
150.0000 0421.48 0554.65 118.1830 +40.1710 000.0000 +00.0000 000291 4.45
151.0000 0422.91 0556.08 118.0537 +40.1883 000.0000 +00.0000 000276 4.51
152.0000 0422.25 0557.27 118.0153 +40.1258 000.0000 +00.0000 000281 4.49
153.0000 0424.87 0562.29 117.6511 +40.0857 000.0000 +00.0000 000435 4.02
154.0000 0426.50 0564.86 117.4540 +40.0766 000.0000 +00.0000 000256 4.59
155.0000 0427.01 0566.57 117.3447 +40.0465 000.0000 +00.0000 000419 4.06
156.0000 0427.94 0568.75 117.1948 +40.0196 000.0000 +00.0000 000608 3.65
158.0000 0429.88 0573.80 116.8560 +39.9474 000.0000 +00.0000 000335 4.30
159.0000 0431.40 0576.92 116.6346 +39.9153 000.0000 +00.0000 000175 5.01
160.0000 0431.13 0579.43 116.5138 +39.8280 000.0000 +00.0000 000163 5.08
161.0000 0433.32 0581.61 116.3164 +39.8512 000.0000 +00.0000 000104 5.57
-------------------------------------------------------
FF_CA0003_20180614_025649_540_0016384.fits
Calibrated with RMS on: 2018-06-19 03:11:10.313361 UTC
CA0003 01.0 0008 0025.00 000.0 000.0  00.0 003.3 0459.2 0003.2
234.0000 1101.42 0386.44 079.9602 +69.4553 000.0000 +00.0000 000088 5.75
235.0000 1101.71 0390.09 079.7479 +69.2878 000.0000 +00.0000 000316 4.36
236.0000 1101.77 0393.77 079.5710 +69.1143 000.0000 +00.0000 000339 4.29
237.0000 1102.00 0396.53 079.4123 +68.9877 000.0000 +00.0000 000208 4.82
238.0000 1101.50 0400.47 079.3099 +68.7914 000.0000 +00.0000 000481 3.91
239.0000 1103.02 0403.20 078.9660 +68.6896 000.0000 +00.0000 000304 4.41
241.0000 1102.47 0410.99 078.7084 +68.3093 000.0000 +00.0000 000506 3.85
242.0000 1103.83 0412.53 078.4462 +68.2604 000.0000 +00.0000 000180 4.98
-------------------------------------------------------
FF_CA0003_20180614_025720_143_0017152.fits
Calibrated with RMS on: 2018-06-19 03:11:10.313361 UTC
CA0003 01.0 0006 0025.00 000.0 000.0  00.0 005.4 0148.5 0175.4
250.0000 0496.00 0308.00 131.8370 +49.6800 000.0000 +00.0000 000022 7.26
251.0000 0494.79 0311.84 131.6123 +49.5433 000.0000 +00.0000 000166 5.06
252.0000 0493.85 0317.36 131.2642 +49.3815 000.0000 +00.0000 000448 3.99
253.0000 0494.80 0321.77 130.9295 +49.3271 000.0000 +00.0000 000113 5.48
254.0000 0493.71 0328.51 130.5081 +49.1294 000.0000 +00.0000 001236 2.88
255.0000 0493.17 0335.08 130.0826 +48.9582 000.0000 +00.0000 000570 3.72
-------------------------------------------------------
FF_CA0003_20180614_025730_358_0017408.fits
Calibrated with RMS on: 2018-06-19 03:11:10.313361 UTC
CA0003 01.0 0009 0025.00 000.0 000.0  00.0 005.4 0148.3 0175.6
0.0000 0493.53 0334.44 130.1132 +48.9886 000.0000 +00.0000 000204 4.84
1.0000 0492.22 0345.12 129.4432 +48.6880 000.0000 +00.0000 000392 4.13
2.0000 0492.48 0347.95 129.2457 +48.6343 000.0000 +00.0000 000467 3.94
3.0000 0491.46 0352.52 128.9790 +48.4837 000.0000 +00.0000 000579 3.71
4.0000 0492.10 0358.73 128.5468 +48.3667 000.0000 +00.0000 000364 4.21
5.0000 0490.27 0363.63 128.2916 +48.1712 000.0000 +00.0000 000693 3.51
6.0000 0490.72 0367.57 128.0185 +48.0974 000.0000 +00.0000 000765 3.40
7.0000 0490.00 0371.00 127.8219 +47.9841 000.0000 +00.0000 000024 7.16
8.0000 0489.77 0377.60 127.4039 +47.8153 000.0000 +00.0000 000534 3.79
-------------------------------------------------------
FF_CA0003_20180614_030307_554_0025856.fits
Calibrated with RMS on: 2018-06-19 03:11:10.313361 UTC
CA0003 01.0 0009 0025.00 000.0 000.0  00.0 002.3 0389.9 0266.7
0.0000 0022.78 0714.72 126.0528 +16.7963 000.0000 +00.0000 001202 2.91
1.0000 0038.27 0716.78 125.5199 +17.5467 000.0000 +00.0000 003316 1.81
2.0000 0029.73 0716.65 125.7697 +17.1023 000.0000 +00.0000 001871 2.43
3.0000 0021.52 0712.68 126.1796 +16.7941 000.0000 +00.0000 000329 4.32
4.0000 0020.30 0714.37 126.1393 +16.6758 000.0000 +00.0000 000853 3.29
5.0000 0005.84 0714.76 126.5308 +15.8911 000.0000 +00.0000 003892 1.64
6.0000 0008.56 0714.77 126.4539 +16.0367 000.0000 +00.0000 001521 2.66
7.0000 0005.82 0712.74 126.6212 +15.9539 000.0000 +00.0000 000839 3.30
8.0000 0004.89 0712.62 126.6529 +15.9077 000.0000 +00.0000 000466 3.94
-------------------------------------------------------
FF_CA0003_20180614_031422_005_0042752.fits
Calibrated with RMS on: 2018-06-19 03:11:10.313361 UTC
CA0003 01.0 0006 0025.00 000.0 000.0  00.0 003.0 0338.0 0032.0
165.0000 0949.31 0217.44 119.1234 +71.7530 000.0000 +00.0000 000508 3.85
166.0000 0947.89 0214.65 119.6100 +71.7871 000.0000 +00.0000 001487 2.68
167.0000 0946.59 0211.51 120.1295 +71.8368 000.0000 +00.0000 000665 3.56
168.0000 0944.46 0209.62 120.5787 +71.8089 000.0000 +00.0000 001136 2.98
169.0000 0943.00 0206.70 121.0893 +71.8423 000.0000 +00.0000 000176 5.00
170.0000 0941.28 0204.72 121.5083 +71.8330 000.0000 +00.0000 000212 4.80
-------------------------------------------------------
FF_CA0003_20180614_031847_512_0049408.fits
Calibrated with RMS on: 2018-06-19 03:11:10.313361 UTC
CA0003 01.0 0008 0025.00 000.0 000.0  00.0 003.9 0115.1 0294.4
230.0000 0246.99 0664.80 125.5337 +29.3133 000.0000 +00.0000 000161 5.10
231.0000 0245.02 0664.98 125.5893 +29.2188 000.0000 +00.0000 000067 6.05
232.0000 0240.81 0667.29 125.6167 +28.9563 000.0000 +00.0000 000540 3.78
233.0000 0237.05 0670.02 125.6097 +28.7005 000.0000 +00.0000 000697 3.51
234.0000 0233.72 0671.69 125.6386 +28.4969 000.0000 +00.0000 001518 2.66
235.0000 0229.96 0672.60 125.7169 +28.2972 000.0000 +00.0000 000609 3.65
236.0000 0227.50 0674.00 125.7303 +28.1411 000.0000 +00.0000 000064 6.10
237.0000 0221.72 0675.22 125.8582 +27.8384 000.0000 +00.0000 000188 4.93
-------------------------------------------------------
FF_CA0003_20180614_031938_573_0050688.fits
Calibrated with RMS on: 2018-06-19 03:11:10.313361 UTC
CA0003 01.0 0009 0025.00 000.0 000.0  00.0 003.8 0253.4 0005.2
1.0000 0860.00 0000.45 159.4107 +72.0678 000.0000 +00.0000 000066 6.06
2.0000 0862.09 0002.98 158.9573 +72.1585 000.0000 +00.0000 001986 2.37
3.0000 0861.78 0007.63 158.1454 +72.1082 000.0000 +00.0000 002609 2.07
4.0000 0862.62 0012.12 157.3560 +72.1155 000.0000 +00.0000 002133 2.29
5.0000 0863.00 0016.58 156.5782 +72.0965 000.0000 +00.0000 000588 3.69
6.0000 0863.50 0020.47 155.8999 +72.0863 000.0000 +00.0000 000281 4.49
7.0000 0864.14 0025.20 155.0771 +72.0726 000.0000 +00.0000 001127 2.98
8.0000 0864.93 0030.10 154.2253 +72.0617 000.0000 +00.0000 000164 5.08
9.0000 0864.36 0030.66 154.1405 +72.0263 000.0000 +00.0000 000085 5.79
-------------------------------------------------------
FF_CA0003_20180614_032151_281_0054016.fits
Calibrated with RMS on: 2018-06-19 03:11:10.313361 UTC
CA0003 01.0 0009 0025.00 000.0 000.0  00.0 014.4 0232.8 0085.5
213.0000 0995.08 0155.40 124.5893 +75.7963 000.0000 +00.0000 000170 5.04
215.0000 0967.00 0152.63 128.1601 +74.6081 000.0000 +00.0000 000037 6.69
216.0000 0952.30 0151.57 129.7597 +73.9621 000.0000 +00.0000 000295 4.44
217.0000 0939.95 0149.61 131.1721 +73.4446 000.0000 +00.0000 001173 2.94
218.0000 0926.51 0148.48 132.4653 +72.8480 000.0000 +00.0000 001450 2.71
219.0000 0909.57 0147.40 133.9275 +72.0818 000.0000 +00.0000 001121 2.99
220.0000 0895.41 0146.02 135.1298 +71.4500 000.0000 +00.0000 000850 3.29
221.0000 0882.69 0145.35 136.0671 +70.8658 000.0000 +00.0000 001978 2.37
222.0000 0866.14 0144.10 137.2616 +70.1125 000.0000 +00.0000 000828 3.32
-------------------------------------------------------
FF_CA0003_20180614_033721_580_0077312.fits
Calibrated with RMS on: 2018-06-19 03:11:10.313361 UTC
CA0003 01.0 0013 0025.00 000.0 000.0  00.0 006.2 0261.3 0291.8
53.0000 0823.64 0567.31 108.4414 +54.4063 000.0000 +00.0000 000073 5.96
55.0000 0811.48 0572.55 108.9993 +53.8294 000.0000 +00.0000 000957 3.16
56.0000 0805.69 0575.37 109.2408 +53.5412 000.0000 +00.0000 002230 2.24
57.0000 0799.87 0577.17 109.5350 +53.2914 000.0000 +00.0000 002869 1.97
58.0000 0793.94 0579.46 109.8059 +53.0184 000.0000 +00.0000 002956 1.94
59.0000 0788.02 0581.99 110.0592 +52.7359 000.0000 +00.0000 003548 1.74
60.0000 0782.02 0584.27 110.3270 +52.4600 000.0000 +00.0000 003570 1.73
61.0000 0776.00 0586.92 110.5723 +52.1687 000.0000 +00.0000 004354 1.52
62.0000 0770.00 0589.49 110.8166 +51.8806 000.0000 +00.0000 004207 1.55
63.0000 0764.24 0591.79 111.0563 +51.6099 000.0000 +00.0000 003449 1.77
64.0000 0758.82 0594.15 111.2684 +51.3472 000.0000 +00.0000 001691 2.54
65.0000 0752.04 0596.32 111.5708 +51.0478 000.0000 +00.0000 000919 3.21
66.0000 0749.00 0598.00 111.6675 +50.8865 000.0000 +00.0000 000034 6.79
-------------------------------------------------------
FF_CA0003_20180614_034744_819_0092928.fits
Calibrated with RMS on: 2018-06-19 03:11:10.313361 UTC
CA0003 01.0 0011 0025.00 000.0 000.0  00.0 007.6 0431.0 0302.2
229.0000 1174.37 0531.00 078.0248 +63.2907 000.0000 +00.0000 000041 6.58
231.0000 1162.72 0539.73 079.3434 +62.7778 000.0000 +00.0000 000069 6.02
232.0000 1156.03 0544.38 080.0818 +62.4959 000.0000 +00.0000 000565 3.73
233.0000 1149.65 0548.40 080.7789 +62.2440 000.0000 +00.0000 000973 3.14
234.0000 1142.45 0552.15 081.5671 +61.9946 000.0000 +00.0000 001778 2.49
235.0000 1136.20 0556.76 082.2021 +61.7075 000.0000 +00.0000 001742 2.51
236.0000 1129.72 0560.90 082.8616 +61.4384 000.0000 +00.0000 001722 2.52
237.0000 1123.63 0564.73 083.4696 +61.1856 000.0000 +00.0000 001746 2.51
238.0000 1118.06 0568.31 084.0123 +60.9483 000.0000 +00.0000 001590 2.61
239.0000 1109.44 0573.56 084.8400 +60.5909 000.0000 +00.0000 000815 3.34
240.0000 1104.28 0576.55 085.3288 +60.3820 000.0000 +00.0000 001699 2.54
-------------------------------------------------------
FF_CA0003_20180614_040112_683_0113152.fits
Calibrated with RMS on: 2018-06-19 03:11:10.313361 UTC
CA0003 01.0 0014 0025.00 000.0 000.0  00.0 001.7 0344.6 0148.6
25.0000 0061.97 0645.18 142.6458 +20.9624 000.0000 +00.0000 000453 3.97
26.0000 0060.66 0646.88 142.6051 +20.8451 000.0000 +00.0000 000455 3.97
27.0000 0060.49 0648.40 142.5403 +20.7919 000.0000 +00.0000 001180 2.93
28.0000 0058.68 0649.52 142.5404 +20.6654 000.0000 +00.0000 000736 3.45
29.0000 0058.47 0651.20 142.4695 +20.6053 000.0000 +00.0000 000468 3.94
30.0000 0058.01 0652.97 142.4017 +20.5295 000.0000 +00.0000 000684 3.53
31.0000 0055.87 0653.03 142.4599 +20.4166 000.0000 +00.0000 000704 3.49
32.0000 0056.69 0655.66 142.3164 +20.3818 000.0000 +00.0000 000159 5.11
33.0000 0055.07 0655.25 142.3814 +20.3098 000.0000 +00.0000 000264 4.56
34.0000 0054.26 0657.69 142.2930 +20.1957 000.0000 +00.0000 000618 3.64
35.0000 0053.67 0659.62 142.2219 +20.1079 000.0000 +00.0000 000408 4.09
36.0000 0052.01 0659.00 142.2974 +20.0398 000.0000 +00.0000 000220 4.76
37.0000 0050.59 0663.03 142.1542 +19.8463 000.0000 +00.0000 007747 0.89
39.0000 0050.00 0666.46 142.0153 +19.7133 000.0000 +00.0000 000050 6.37
-------------------------------------------------------
FF_CA0003_20180614_044700_594_0182016.fits
Calibrated with RMS on: 2018-06-19 03:11:10.313361 UTC
CA0003 01.0 0015 0025.00 000.0 000.0  00.0 002.7 0111.1 -145.5
128.0000 0673.67 0604.25 133.1192 +48.1521 000.0000 +00.0000 000783 3.38
129.0000 0674.60 0606.62 132.9439 +48.0983 000.0000 +00.0000 000494 3.88
130.0000 0677.22 0610.01 132.6237 +48.0647 000.0000 +00.0000 000246 4.64
131.0000 0677.28 0610.95 132.5712 +48.0326 000.0000 +00.0000 000610 3.65
132.0000 0679.49 0613.86 132.2988 +48.0015 000.0000 +00.0000 001200 2.92
133.0000 0681.87 0616.34 132.0397 +47.9912 000.0000 +00.0000 001195 2.92
134.0000 0682.89 0618.96 131.8475 +47.9294 000.0000 +00.0000 000756 3.42
135.0000 0685.21 0620.98 131.6157 +47.9330 000.0000 +00.0000 001407 2.74
136.0000 0686.09 0623.11 131.4571 +47.8838 000.0000 +00.0000 001044 3.07
137.0000 0687.91 0625.58 131.2294 +47.8532 000.0000 +00.0000 001606 2.60
138.0000 0689.42 0626.91 131.0777 +47.8541 000.0000 +00.0000 000465 3.95
139.0000 0690.27 0629.34 130.9057 +47.7919 000.0000 +00.0000 001368 2.77
140.0000 0692.37 0632.43 130.6311 +47.7462 000.0000 +00.0000 001712 2.53
141.0000 0693.74 0634.44 130.4524 +47.7161 000.0000 +00.0000 000471 3.93
142.0000 0694.00 0636.00 130.3584 +47.6662 000.0000 +00.0000 000036 6.72
-------------------------------------------------------
FF_CA0003_20180614_050929_076_0215808.fits
Calibrated with RMS on: 2018-06-19 03:11:10.313361 UTC
CA0003 01.0 0009 0025.00 000.0 000.0  00.0 005.8 0004.3 0168.7
5.0000 0648.16 0295.43 160.0050 +56.6626 000.0000 +00.0000 001351 2.79
6.0000 0647.25 0301.43 159.5741 +56.4750 000.0000 +00.0000 002929 1.95
7.0000 0645.91 0307.81 159.1375 +56.2582 000.0000 +00.0000 002738 2.02
8.0000 0644.75 0313.86 158.7232 +56.0560 000.0000 +00.0000 002336 2.19
9.0000 0643.27 0319.53 158.3569 +55.8487 000.0000 +00.0000 003184 1.86
10.0000 0642.20 0326.08 157.9097 +55.6352 000.0000 +00.0000 001231 2.89
11.0000 0641.20 0332.85 157.4480 +55.4175 000.0000 +00.0000 001627 2.59
12.0000 0640.10 0338.51 157.0781 +55.2231 000.0000 +00.0000 000784 3.38
13.0000 0639.00 0341.00 156.9448 +55.1113 000.0000 +00.0000 000029 6.96
-------------------------------------------------------
FF_CA0003_20180614_050949_478_0216320.fits
Calibrated with RMS on: 2018-06-19 03:11:10.313361 UTC
CA0003 01.0 0013 0025.00 000.0 000.0  00.0 002.9 0108.8 -151.6
63.0000 0658.64 0624.22 138.5809 +46.9143 000.0000 +00.0000 000169 5.04
64.0000 0660.67 0625.91 138.3866 +46.9222 000.0000 +00.0000 000339 4.29
65.0000 0661.79 0628.76 138.1804 +46.8564 000.0000 +00.0000 000221 4.75
66.0000 0663.55 0631.00 137.9719 +46.8342 000.0000 +00.0000 000802 3.35
67.0000 0664.77 0634.48 137.7286 +46.7478 000.0000 +00.0000 000509 3.85
68.0000 0666.24 0636.15 137.5651 +46.7359 000.0000 +00.0000 001278 2.85
69.0000 0667.68 0638.99 137.3434 +46.6796 000.0000 +00.0000 000581 3.70
70.0000 0669.25 0641.92 137.1105 +46.6237 000.0000 +00.0000 000567 3.73
71.0000 0670.41 0644.15 136.9354 +46.5797 000.0000 +00.0000 001713 2.53
72.0000 0671.57 0647.18 136.7199 +46.5055 000.0000 +00.0000 001197 2.92
73.0000 0672.77 0649.32 136.5476 +46.4655 000.0000 +00.0000 000228 4.72
74.0000 0674.14 0652.01 136.3386 +46.4101 000.0000 +00.0000 000547 3.77
75.0000 0676.03 0654.03 136.1355 +46.3968 000.0000 +00.0000 000196 4.88
-------------------------------------------------------
FF_CA0003_20180614_051547_085_0225280.fits
Calibrated with RMS on: 2018-06-19 03:11:10.313361 UTC
CA0003 01.0 0004 0025.00 000.0 000.0  00.0 008.0 0296.0 0138.2
184.0000 0351.82 0238.30 175.5029 +44.2804 000.0000 +00.0000 000962 3.16
185.0000 0344.90 0245.36 175.2078 +43.8357 000.0000 +00.0000 001206 2.91
186.0000 0335.64 0256.33 174.7224 +43.2134 000.0000 +00.0000 000283 4.48
187.0000 0336.54 0257.00 174.6557 +43.2457 000.0000 +00.0000 000043 6.53
-------------------------------------------------------
FF_CA0003_20180614_051820_493_0229120.fits
Calibrated with RMS on: 2018-06-19 03:11:10.313361 UTC
CA0003 01.0 0013 0025.00 000.0 000.0  00.0 008.5 0461.0 0150.9
68.0000 0116.70 0353.95 175.0439 +30.6299 000.0000 +00.0000 001287 2.84
69.0000 0111.87 0361.67 174.7443 +30.2393 000.0000 +00.0000 001657 2.57
70.0000 0107.04 0369.45 174.4447 +29.8452 000.0000 +00.0000 003727 1.69
71.0000 0102.42 0377.58 174.1244 +29.4531 000.0000 +00.0000 004396 1.51
72.0000 0098.36 0385.00 173.8310 +29.1010 000.0000 +00.0000 005024 1.36
73.0000 0093.74 0392.61 173.5445 +28.7136 000.0000 +00.0000 007062 0.99
74.0000 0089.70 0400.13 173.2509 +28.3561 000.0000 +00.0000 007893 0.87
75.0000 0085.48 0407.87 172.9530 +27.9824 000.0000 +00.0000 009770 0.64
76.0000 0081.36 0414.89 172.6927 +27.6259 000.0000 +00.0000 008725 0.76
77.0000 0077.27 0422.27 172.4154 +27.2616 000.0000 +00.0000 009859 0.63
78.0000 0073.41 0429.58 172.1382 +26.9087 000.0000 +00.0000 008822 0.75
79.0000 0069.22 0437.56 171.8375 +26.5222 000.0000 +00.0000 008992 0.73
80.0000 0066.64 0442.65 171.6449 +26.2791 000.0000 +00.0000 000165 5.07
-------------------------------------------------------
FF_CA0003_20180614_052915_473_0245504.fits
Calibrated with RMS on: 2018-06-19 03:11:10.313361 UTC
CA0003 01.0 0007 0025.00 000.0 000.0  00.0 002.9 0449.4 0020.6
183.0000 1165.66 0481.05 105.6450 +65.7187 000.0000 +00.0000 000399 4.11
184.0000 1166.74 0484.37 105.4230 +65.5625 000.0000 +00.0000 000705 3.49
185.0000 1168.33 0487.99 105.1256 +65.3948 000.0000 +00.0000 001333 2.80
186.0000 1170.08 0491.45 104.8120 +65.2357 000.0000 +00.0000 000517 3.83
187.0000 1170.49 0495.04 104.6832 +65.0599 000.0000 +00.0000 000611 3.65
188.0000 1170.95 0500.04 104.5205 +64.8142 000.0000 +00.0000 000163 5.08
189.0000 1172.00 0497.00 104.4368 +64.9730 000.0000 +00.0000 000028 7.00
-------------------------------------------------------
FF_CA0003_20180614_053736_023_0258048.fits
Calibrated with RMS on: 2018-06-19 03:11:10.313361 UTC
CA0003 01.0 0018 0025.00 000.0 000.0  00.0 003.4 0455.2 -135.7
107.0000 0158.58 0519.13 170.1136 +29.2287 000.0000 +00.0000 000306 4.40
108.0000 0160.19 0520.54 169.9969 +29.2729 000.0000 +00.0000 000182 4.96
109.0000 0163.98 0524.16 169.7068 +29.3686 000.0000 +00.0000 000250 4.62
110.0000 0165.97 0526.59 169.5280 +29.4049 000.0000 +00.0000 000167 5.06
112.0000 0172.13 0532.36 169.0613 +29.5595 000.0000 +00.0000 000175 5.01
113.0000 0173.62 0533.58 168.9571 +29.6009 000.0000 +00.0000 000175 5.01
114.0000 0177.00 0537.00 168.6878 +29.6774 000.0000 +00.0000 000027 7.04
115.0000 0177.75 0538.83 168.5747 +29.6667 000.0000 +00.0000 000478 3.92
116.0000 0181.32 0542.56 168.2841 +29.7429 000.0000 +00.0000 000460 3.96
117.0000 0183.98 0544.72 168.0983 +29.8151 000.0000 +00.0000 000890 3.24
118.0000 0186.58 0546.88 167.9141 +29.8839 000.0000 +00.0000 000652 3.58
119.0000 0188.94 0549.34 167.7219 +29.9327 000.0000 +00.0000 001300 2.83
120.0000 0191.35 0551.85 167.5256 +29.9821 000.0000 +00.0000 000449 3.98
121.0000 0193.82 0554.30 167.3304 +30.0355 000.0000 +00.0000 000950 3.17
122.0000 0196.73 0557.13 167.1030 +30.0991 000.0000 +00.0000 001364 2.78
123.0000 0198.99 0559.67 166.9093 +30.1389 000.0000 +00.0000 000881 3.25
124.0000 0201.32 0562.01 166.7233 +30.1869 000.0000 +00.0000 000432 4.02
125.0000 0201.50 0564.00 166.6194 +30.1418 000.0000 +00.0000 000080 5.86
-------------------------------------------------------
FF_CA0003_20180614_053948_768_0261376.fits
Calibrated with RMS on: 2018-06-19 03:11:10.313361 UTC
CA0003 01.0 0007 0025.00 000.0 000.0  00.0 004.5 0449.9 0157.3
74.0000 0018.35 0682.28 166.9180 +17.5683 000.0000 +00.0000 001026 3.09
75.0000 0008.10 0703.15 166.2733 +16.3774 000.0000 +00.0000 007260 0.96
76.0000 0008.72 0702.31 166.2934 +16.4369 000.0000 +00.0000 000451 3.98
77.0000 0014.63 0694.10 166.4935 +17.0079 000.0000 +00.0000 001635 2.58
78.0000 0014.09 0693.73 166.5254 +16.9904 000.0000 +00.0000 000984 3.13
79.0000 0003.52 0712.77 165.9756 +15.8293 000.0000 +00.0000 005369 1.29
80.0000 0006.76 0706.61 166.1580 +16.1973 000.0000 +00.0000 002751 2.01
-------------------------------------------------------
FF_CA0003_20180614_053948_768_0261376.fits
Calibrated with RMS on: 2018-06-19 03:11:10.313361 UTC
CA0003 02.0 0007 0025.00 000.0 000.0  00.0 003.6 0354.9 0148.0
74.0000 0016.32 0688.14 166.7122 +17.2813 000.0000 +00.0000 001026 3.09
75.0000 0007.46 0701.68 166.3567 +16.3889 000.0000 +00.0000 007143 0.98
76.0000 0008.72 0702.31 166.2934 +16.4369 000.0000 +00.0000 000411 4.08
77.0000 0017.52 0690.04 166.5938 +17.2871 000.0000 +00.0000 001635 2.58
78.0000 0015.00 0691.44 166.6022 +17.1096 000.0000 +00.0000 000984 3.13
79.0000 0002.12 0712.76 166.0154 +15.7542 000.0000 +00.0000 005203 1.32
80.0000 0005.07 0706.44 166.2130 +16.1118 000.0000 +00.0000 002516 2.11
-------------------------------------------------------
FF_CA0003_20180614_053948_768_0261376.fits
Calibrated with RMS on: 2018-06-19 03:11:10.313361 UTC
CA0003 03.0 0006 0025.00 000.0 000.0  00.0 003.1 0716.9 -149.0
75.0000 0006.90 0698.42 166.5176 +16.4601 000.0000 +00.0000 007733 0.89
76.0000 0009.00 0705.53 166.1423 +16.3513 000.0000 +00.0000 000577 3.71
77.0000 0007.94 0704.65 166.2114 +16.3220 000.0000 +00.0000 002133 2.29
78.0000 0012.00 0706.50 166.0150 +16.4816 000.0000 +00.0000 000984 3.13
79.0000 0016.15 0714.07 165.5617 +16.4645 000.0000 +00.0000 005405 1.28
80.0000 0015.50 0711.50 165.6943 +16.5112 000.0000 +00.0000 002791 2.00
-------------------------------------------------------
FF_CA0003_20180614_054151_273_0264448.fits
Calibrated with RMS on: 2018-06-19 03:11:10.313361 UTC
CA0003 01.0 0005 0025.00 000.0 000.0  00.0 006.5 0087.4 0147.3
245.0000 0563.00 0319.03 169.8831 +52.3943 000.0000 +00.0000 000033 6.82
246.0000 0559.46 0323.15 169.7242 +52.1432 000.0000 +00.0000 007336 0.95
247.0000 0555.71 0329.87 169.3915 +51.8212 000.0000 +00.0000 008418 0.80
248.0000 0551.91 0335.53 169.1399 +51.5215 000.0000 +00.0000 005339 1.30
249.0000 0548.93 0340.98 168.8750 +51.2618 000.0000 +00.0000 000463 3.95
-------------------------------------------------------
FF_CA0003_20180614_054748_779_0273408.fits
Calibrated with RMS on: 2018-06-19 03:11:10.313361 UTC
CA0003 01.0 0012 0025.00 000.0 000.0  00.0 003.8 0232.7 0309.6
244.0000 0723.00 0592.00 146.2690 +50.2626 000.0000 +00.0000 000027 7.04
245.0000 0721.11 0594.14 146.2648 +50.1208 000.0000 +00.0000 000345 4.27
246.0000 0719.67 0596.16 146.2408 +49.9983 000.0000 +00.0000 000381 4.16
247.0000 0716.25 0599.21 146.2764 +49.7720 000.0000 +00.0000 001758 2.50
248.0000 0713.33 0601.57 146.3193 +49.5878 000.0000 +00.0000 001959 2.38
249.0000 0710.30 0604.05 146.3616 +49.3954 000.0000 +00.0000 003332 1.81
250.0000 0707.15 0606.09 146.4334 +49.2153 000.0000 +00.0000 003063 1.90
251.0000 0704.60 0608.56 146.4479 +49.0391 000.0000 +00.0000 003585 1.73
252.0000 0701.95 0611.83 146.4258 +48.8300 000.0000 +00.0000 003911 1.63
253.0000 0698.50 0613.30 146.5425 +48.6607 000.0000 +00.0000 005068 1.35
254.0000 0695.43 0616.16 146.5646 +48.4526 000.0000 +00.0000 003390 1.79
255.0000 0691.99 0619.23 146.5957 +48.2244 000.0000 +00.0000 006422 1.09
-------------------------------------------------------
FF_CA0003_20180614_054759_030_0273664.fits
Calibrated with RMS on: 2018-06-19 03:11:10.313361 UTC
CA0003 01.0 0031 0025.00 000.0 000.0  00.0 003.8 0234.2 0309.1
0.0000 0690.74 0620.07 146.6214 +48.1516 000.0000 +00.0000 005352 1.29
1.0000 0686.57 0622.98 146.7001 +47.9047 000.0000 +00.0000 005465 1.27
2.0000 0684.06 0626.30 146.6659 +47.6980 000.0000 +00.0000 005010 1.36
3.0000 0680.75 0628.15 146.7510 +47.5188 000.0000 +00.0000 004985 1.37
4.0000 0678.26 0631.02 146.7385 +47.3293 000.0000 +00.0000 004953 1.38
5.0000 0674.88 0633.27 146.8057 +47.1328 000.0000 +00.0000 005199 1.32
6.0000 0671.91 0636.01 146.8250 +46.9318 000.0000 +00.0000 005153 1.33
7.0000 0669.01 0638.32 146.8623 +46.7490 000.0000 +00.0000 004825 1.40
8.0000 0665.85 0640.59 146.9149 +46.5589 000.0000 +00.0000 004922 1.38
9.0000 0662.73 0643.09 146.9532 +46.3614 000.0000 +00.0000 005469 1.27
10.0000 0660.12 0646.25 146.9307 +46.1566 000.0000 +00.0000 005108 1.34
11.0000 0656.38 0648.33 147.0219 +45.9536 000.0000 +00.0000 005467 1.27
12.0000 0653.44 0651.21 147.0302 +45.7478 000.0000 +00.0000 004602 1.46
13.0000 0650.25 0653.58 147.0768 +45.5524 000.0000 +00.0000 004722 1.43
14.0000 0647.04 0656.01 147.1209 +45.3539 000.0000 +00.0000 004513 1.48
15.0000 0643.94 0658.63 147.1494 +45.1519 000.0000 +00.0000 005076 1.35
16.0000 0640.84 0661.28 147.1759 +44.9488 000.0000 +00.0000 004598 1.46
17.0000 0637.81 0663.34 147.2279 +44.7697 000.0000 +00.0000 004052 1.59
18.0000 0634.84 0665.84 147.2544 +44.5762 000.0000 +00.0000 004338 1.52
19.0000 0631.68 0668.21 147.2966 +44.3809 000.0000 +00.0000 004757 1.42
20.0000 0628.96 0670.75 147.3078 +44.1942 000.0000 +00.0000 004442 1.49
21.0000 0625.68 0673.31 147.3458 +43.9876 000.0000 +00.0000 004718 1.43
22.0000 0622.37 0675.46 147.4051 +43.7949 000.0000 +00.0000 003111 1.88
23.0000 0619.67 0677.81 147.4236 +43.6155 000.0000 +00.0000 003958 1.62
24.0000 0617.01 0680.21 147.4375 +43.4355 000.0000 +00.0000 003378 1.79
25.0000 0614.18 0682.43 147.4683 +43.2563 000.0000 +00.0000 002974 1.93
26.0000 0611.75 0684.65 147.4791 +43.0906 000.0000 +00.0000 002649 2.06
27.0000 0608.55 0686.38 147.5514 +42.9166 000.0000 +00.0000 002980 1.93
28.0000 0606.87 0688.62 147.5241 +42.7757 000.0000 +00.0000 001195 2.92
29.0000 0604.28 0690.06 147.5801 +42.6332 000.0000 +00.0000 000983 3.13
30.0000 0602.10 0691.82 147.6003 +42.4928 000.0000 +00.0000 000125 5.37
-------------------------------------------------------
FF_CA0003_20180614_060714_115_0302592.fits
Calibrated with RMS on: 2018-06-19 03:11:10.313361 UTC
CA0003 01.0 0014 0025.00 000.0 000.0  00.0 003.8 0097.9 0051.3
139.0000 0713.48 0293.77 171.5412 +59.5106 000.0000 +00.0000 000123 5.39
141.0000 0721.10 0299.71 170.6532 +59.6748 000.0000 +00.0000 000184 4.95
143.0000 0728.92 0305.02 169.7982 +59.8594 000.0000 +00.0000 000356 4.24
144.0000 0731.56 0307.98 169.4112 +59.8882 000.0000 +00.0000 000446 3.99
145.0000 0737.25 0310.42 168.8984 +60.0577 000.0000 +00.0000 000135 5.29
146.0000 0737.90 0313.41 168.6166 +60.0005 000.0000 +00.0000 000842 3.30
147.0000 0742.36 0316.61 168.1052 +60.0946 000.0000 +00.0000 000659 3.57
148.0000 0745.42 0318.55 167.7735 +60.1655 000.0000 +00.0000 000948 3.17
149.0000 0749.25 0322.35 167.2446 +60.2134 000.0000 +00.0000 000835 3.31
150.0000 0749.50 0322.40 167.2263 +60.2222 000.0000 +00.0000 000476 3.92
151.0000 0754.52 0326.00 166.6422 +60.3226 000.0000 +00.0000 000689 3.52
152.0000 0755.50 0327.16 166.4909 +60.3285 000.0000 +00.0000 000169 5.04
153.0000 0756.01 0328.49 166.3534 +60.3100 000.0000 +00.0000 000144 5.22
154.0000 0757.00 0330.00 166.1733 +60.3056 000.0000 +00.0000 000022 7.26
-------------------------------------------------------
FF_CA0003_20180614_062223_730_0325376.fits
Calibrated with RMS on: 2018-06-19 03:11:10.313361 UTC
CA0003 01.0 0007 0025.00 000.0 000.0  00.0 003.2 0154.6 0062.1
12.0000 0619.97 0174.79 189.5681 +57.9484 000.0000 +00.0000 000110 5.51
13.0000 0621.51 0176.51 189.3640 +57.9900 000.0000 +00.0000 000045 6.48
14.0000 0625.67 0177.33 189.1556 +58.1693 000.0000 +00.0000 000534 3.79
15.0000 0629.07 0179.58 188.8409 +58.2873 000.0000 +00.0000 000171 5.03
16.0000 0633.57 0180.95 188.5675 +58.4717 000.0000 +00.0000 001309 2.82
17.0000 0633.80 0182.54 188.4157 +58.4534 000.0000 +00.0000 000506 3.85
18.0000 0636.43 0184.57 188.1429 +58.5380 000.0000 +00.0000 000072 5.97
-------------------------------------------------------
FF_CA0003_20180614_062649_946_0332032.fits
Calibrated with RMS on: 2018-06-19 03:11:10.313361 UTC
CA0003 01.0 0015 0025.00 000.0 000.0  00.0 011.1 0217.3 0336.5
205.0000 0906.44 0288.60 163.8815 +67.5921 000.0000 +00.0000 000083 5.82
206.0000 0903.05 0297.61 163.3393 +67.1481 000.0000 +00.0000 005581 1.25
207.0000 0898.75 0307.18 162.8456 +66.6494 000.0000 +00.0000 012086 0.41
208.0000 0894.39 0317.93 162.2717 +66.1070 000.0000 +00.0000 014970 0.18
209.0000 0890.54 0328.28 161.7104 +65.5977 000.0000 +00.0000 017560 0.00
210.0000 0885.85 0338.80 161.2266 +65.0507 000.0000 +00.0000 019715 -0.12
211.0000 0881.28 0349.37 160.7464 +64.5066 000.0000 +00.0000 020868 -0.19
212.0000 0876.68 0360.48 160.2430 +63.9421 000.0000 +00.0000 022151 -0.25
213.0000 0871.69 0371.12 159.8255 +63.3803 000.0000 +00.0000 021941 -0.24
214.0000 0867.51 0381.81 159.3530 +62.8460 000.0000 +00.0000 020695 -0.18
215.0000 0862.57 0392.88 158.9281 +62.2708 000.0000 +00.0000 020415 -0.16
216.0000 0857.47 0403.91 158.5324 +61.6916 000.0000 +00.0000 019616 -0.12
217.0000 0852.85 0414.77 158.1237 +61.1355 000.0000 +00.0000 017475 0.01
218.0000 0848.20 0424.64 157.7973 +60.6144 000.0000 +00.0000 008287 0.82
219.0000 0845.56 0432.00 157.4968 +60.2543 000.0000 +00.0000 000041 6.58
-------------------------------------------------------
FF_CA0003_20180614_063632_048_0346624.fits
Calibrated with RMS on: 2018-06-19 03:11:10.313361 UTC
CA0003 01.0 0006 0025.00 000.0 000.0  00.0 009.2 0207.5 0147.0
165.0000 0345.34 0431.32 183.9828 +40.1441 000.0000 +00.0000 001898 2.42
166.0000 0341.55 0437.99 183.7238 +39.8137 000.0000 +00.0000 004961 1.37
167.0000 0336.16 0446.52 183.4138 +39.3648 000.0000 +00.0000 006054 1.16
168.0000 0331.41 0453.67 183.1648 +38.9763 000.0000 +00.0000 003292 1.82
169.0000 0327.24 0461.44 182.8659 +38.5974 000.0000 +00.0000 001191 2.92
170.0000 0321.49 0470.51 182.5494 +38.1129 000.0000 +00.0000 000079 5.87
-------------------------------------------------------
FF_CA0003_20180614_063855_161_0350208.fits
Calibrated with RMS on: 2018-06-19 03:11:10.313361 UTC
CA0003 01.0 0009 0025.00 000.0 000.0  00.0 006.6 0401.7 0160.4
25.0000 0160.16 0511.14 185.8287 +29.5040 000.0000 +00.0000 000542 3.78
26.0000 0158.12 0516.75 185.6044 +29.2651 000.0000 +00.0000 002136 2.29
27.0000 0155.52 0524.05 185.3127 +28.9552 000.0000 +00.0000 001975 2.37
28.0000 0153.10 0530.81 185.0447 +28.6658 000.0000 +00.0000 003662 1.70
29.0000 0151.00 0537.60 184.7677 +28.3898 000.0000 +00.0000 003174 1.86
30.0000 0148.81 0543.51 184.5384 +28.1304 000.0000 +00.0000 003270 1.83
31.0000 0146.56 0550.18 184.2746 +27.8469 000.0000 +00.0000 004408 1.50
32.0000 0144.00 0556.96 184.0158 +27.5437 000.0000 +00.0000 003218 1.84
33.0000 0142.35 0560.66 183.8827 +27.3649 000.0000 +00.0000 000092 5.70
-------------------------------------------------------
FF_CA0003_20180614_064544_053_0360448.fits
Calibrated with RMS on: 2018-06-19 03:11:10.313361 UTC
CA0003 01.0 0005 0025.00 000.0 000.0  00.0 013.0 0347.4 0151.9
137.0000 0343.02 0180.13 202.2258 +44.6801 000.0000 +00.0000 001486 2.68
138.0000 0337.45 0189.08 201.7311 +44.2909 000.0000 +00.0000 007210 0.97
139.0000 0329.97 0202.63 200.9762 +43.7427 000.0000 +00.0000 018124 -0.03
140.0000 0323.55 0215.08 200.2877 +43.2550 000.0000 +00.0000 016403 0.08
141.0000 0317.73 0225.75 199.7167 +42.8168 000.0000 +00.0000 007867 0.87
-------------------------------------------------------
FF_CA0003_20180614_072008_200_0412160.fits
Calibrated with RMS on: 2018-06-19 03:11:10.313361 UTC
CA0003 01.0 0008 0025.00 000.0 000.0  00.0 012.6 0258.9 0041.0
207.0000 0680.68 0012.09 219.5084 +62.9218 000.0000 +00.0000 001647 2.57
208.0000 0689.82 0022.33 218.1989 +63.3051 000.0000 +00.0000 001193 2.92
209.0000 0698.41 0032.08 216.9289 +63.6537 000.0000 +00.0000 001230 2.89
210.0000 0706.25 0041.95 215.6330 +63.9534 000.0000 +00.0000 001371 2.77
211.0000 0715.22 0051.26 214.3617 +64.3040 000.0000 +00.0000 000691 3.52
212.0000 0721.10 0058.48 213.3802 +64.5158 000.0000 +00.0000 000337 4.29
213.0000 0731.35 0070.86 211.6658 +64.8730 000.0000 +00.0000 000188 4.93
214.0000 0738.13 0078.99 210.5193 +65.1001 000.0000 +00.0000 000173 5.02
-------------------------------------------------------
FF_CA0003_20180614_072534_992_0420352.fits
Calibrated with RMS on: 2018-06-19 03:11:10.313361 UTC
CA0003 01.0 0005 0025.00 000.0 000.0  00.0 004.9 0521.6 -155.0
0.0000 0181.50 0611.76 191.9445 +27.8620 000.0000 +00.0000 000647 3.59
1.0000 0184.72 0616.67 191.6115 +27.8742 000.0000 +00.0000 000767 3.40
2.0000 0186.93 0622.13 191.2832 +27.8211 000.0000 +00.0000 001449 2.71
3.0000 0189.23 0627.14 190.9739 +27.7839 000.0000 +00.0000 000558 3.75
4.0000 0189.53 0629.45 190.8548 +27.7303 000.0000 +00.0000 000127 5.35
-------------------------------------------------------
FF_CA0003_20180614_072808_136_0424192.fits
Calibrated with RMS on: 2018-06-19 03:11:10.313361 UTC
CA0003 01.0 0006 0025.00 000.0 000.0  00.0 012.6 0203.6 0349.9
19.0000 0874.97 0208.33 190.3063 +68.8349 000.0000 +00.0000 000647 3.59
20.0000 0872.91 0219.39 189.1958 +68.4242 000.0000 +00.0000 001323 2.81
21.0000 0870.57 0231.74 188.0067 +67.9580 000.0000 +00.0000 003826 1.66
22.0000 0867.86 0244.87 186.8117 +67.4465 000.0000 +00.0000 006097 1.15
23.0000 0865.18 0258.31 185.6340 +66.9208 000.0000 +00.0000 007726 0.89
24.0000 0863.06 0270.19 184.6155 +66.4617 000.0000 +00.0000 004656 1.44
-------------------------------------------------------
FF_CA0003_20180614_074236_256_0445952.fits
Calibrated with RMS on: 2018-06-19 03:11:10.313361 UTC
CA0003 01.0 0015 0025.00 000.0 000.0  00.0 002.4 0332.8 0098.1
0.0000 0760.78 0006.29 225.0819 +66.9701 000.0000 +00.0000 008431 0.80
1.0000 0764.05 0005.55 225.1567 +67.1399 000.0000 +00.0000 006679 1.05
2.0000 0766.78 0005.39 225.1569 +67.2787 000.0000 +00.0000 003849 1.65
3.0000 0765.22 0003.78 225.3927 +67.2104 000.0000 +00.0000 001952 2.39
5.0000 0773.55 0003.54 225.3638 +67.6327 000.0000 +00.0000 005239 1.32
6.0000 0775.86 0003.28 225.3838 +67.7512 000.0000 +00.0000 005487 1.27
7.0000 0779.18 0003.50 225.3283 +67.9178 000.0000 +00.0000 004387 1.51
8.0000 0780.75 0002.59 225.4475 +68.0031 000.0000 +00.0000 002946 1.94
9.0000 0782.67 0002.32 225.4731 +68.1021 000.0000 +00.0000 002415 2.16
10.0000 0784.95 0002.03 225.4996 +68.2195 000.0000 +00.0000 002939 1.94
11.0000 0787.41 0001.74 225.5255 +68.3460 000.0000 +00.0000 002253 2.23
12.0000 0788.65 0000.56 225.6900 +68.4163 000.0000 +00.0000 001485 2.68
13.0000 0790.46 0002.08 225.4558 +68.4986 000.0000 +00.0000 000909 3.22
14.0000 0791.00 0002.44 225.3995 +68.5236 000.0000 +00.0000 000095 5.67
16.0000 0798.34 0001.66 225.4671 +68.9015 000.0000 +00.0000 000893 3.24
-------------------------------------------------------
FF_CA0003_20180614_074610_856_0451328.fits
Calibrated with RMS on: 2018-06-19 03:11:10.313361 UTC
CA0003 01.0 0010 0025.00 000.0 000.0  00.0 003.9 0197.3 0316.3
246.0000 1023.11 0245.57 174.8965 +73.5929 000.0000 +00.0000 000707 3.49
247.0000 1020.12 0247.68 175.0997 +73.4008 000.0000 +00.0000 001424 2.73
248.0000 1017.37 0251.10 175.1243 +73.1647 000.0000 +00.0000 000745 3.43
249.0000 1014.42 0253.24 175.3102 +72.9733 000.0000 +00.0000 002244 2.24
250.0000 1011.73 0256.53 175.3356 +72.7453 000.0000 +00.0000 002091 2.31
251.0000 1009.24 0259.68 175.3472 +72.5304 000.0000 +00.0000 002668 2.05
252.0000 1006.20 0262.48 175.4672 +72.3102 000.0000 +00.0000 003754 1.68
253.0000 1003.56 0265.71 175.4876 +72.0875 000.0000 +00.0000 002582 2.08
254.0000 1000.59 0268.15 175.6290 +71.8846 000.0000 +00.0000 001241 2.88
255.0000 0998.88 0270.73 175.5915 +71.7214 000.0000 +00.0000 000401 4.11
-------------------------------------------------------
FF_CA0003_20180614_074226_049_0445696.fits
Calibrated with RMS on: 2018-06-19 03:11:10.313361 UTC
CA0003 01.0 0012 0025.00 000.0 000.0  00.0 002.0 0157.0 0086.6
2.0000 0416.29 0188.57 214.1149 +48.1229 000.0000 +00.0000 022711 -0.28
3.0000 0423.22 0191.76 213.7117 +48.4088 000.0000 +00.0000 003915 1.63
4.0000 0423.88 0191.06 213.7470 +48.4506 000.0000 +00.0000 001883 2.43
5.0000 0426.49 0191.67 213.6378 +48.5665 000.0000 +00.0000 003820 1.66
6.0000 0427.04 0190.73 213.6936 +48.6065 000.0000 +00.0000 002582 2.08
7.0000 0427.75 0189.91 213.7367 +48.6524 000.0000 +00.0000 002807 1.99
8.0000 0429.78 0189.88 213.6889 +48.7499 000.0000 +00.0000 004585 1.46
9.0000 0432.06 0190.13 213.6141 +48.8552 000.0000 +00.0000 002844 1.98
10.0000 0431.13 0188.28 213.7743 +48.8377 000.0000 +00.0000 002244 2.24
13.0000 0437.12 0188.73 213.5930 +49.1173 000.0000 +00.0000 003522 1.75
14.0000 0438.05 0188.00 213.6244 +49.1723 000.0000 +00.0000 003598 1.72
15.0000 0442.21 0189.08 213.4402 +49.3549 000.0000 +00.0000 001559 2.63
-------------------------------------------------------
FF_CA0003_20180614_075208_606_0460288.fits
Calibrated with RMS on: 2018-06-19 03:11:10.313361 UTC
CA0003 01.0 0008 0025.00 000.0 000.0  00.0 009.1 0070.3 0047.4
97.0000 0684.81 0305.51 198.3014 +57.9813 000.0000 +00.0000 001042 3.07
98.0000 0690.71 0310.90 197.5824 +58.0898 000.0000 +00.0000 001812 2.47
99.0000 0697.97 0318.00 196.6551 +58.2055 000.0000 +00.0000 001774 2.49
100.0000 0704.55 0323.28 195.9008 +58.3368 000.0000 +00.0000 001775 2.49
101.0000 0711.67 0330.20 194.9838 +58.4404 000.0000 +00.0000 001677 2.55
102.0000 0718.23 0336.28 194.1575 +58.5389 000.0000 +00.0000 001220 2.90
103.0000 0725.14 0343.14 193.2469 +58.6241 000.0000 +00.0000 001718 2.53
104.0000 0731.05 0349.06 192.4606 +58.6907 000.0000 +00.0000 000567 3.73
-------------------------------------------------------
FF_CA0003_20180614_075613_861_0466432.fits
Calibrated with RMS on: 2018-06-19 03:11:10.313361 UTC
CA0003 01.0 0009 0025.00 000.0 000.0  00.0 005.3 0403.2 0054.1
181.0000 1137.21 0222.36 157.3629 +78.0761 000.0000 +00.0000 000131 5.32
182.0000 1141.70 0225.17 156.0081 +78.0347 000.0000 +00.0000 000710 3.49
183.0000 1146.26 0229.07 154.5752 +77.9347 000.0000 +00.0000 001044 3.07
184.0000 1151.25 0232.48 153.0768 +77.8603 000.0000 +00.0000 000456 3.97
185.0000 1156.11 0236.23 151.6105 +77.7592 000.0000 +00.0000 000946 3.17
186.0000 1160.97 0239.28 150.1942 +77.6862 000.0000 +00.0000 000959 3.16
187.0000 1165.00 0242.54 149.0017 +77.5836 000.0000 +00.0000 000490 3.89
188.0000 1169.86 0245.35 147.6221 +77.5102 000.0000 +00.0000 000780 3.38
189.0000 1171.00 0248.00 147.2378 +77.3915 000.0000 +00.0000 000022 7.26
-------------------------------------------------------
FF_CA0003_20180614_075938_170_0471552.fits
Calibrated with RMS on: 2018-06-19 03:11:10.313361 UTC
CA0003 01.0 0004 0025.00 000.0 000.0  00.0 006.3 0351.5 -170.0
208.0000 0278.80 0335.82 212.3520 +39.0779 000.0000 +00.0000 001674 2.55
209.0000 0280.13 0342.21 211.9366 +39.0199 000.0000 +00.0000 002982 1.93
210.0000 0280.87 0348.54 211.5421 +38.9327 000.0000 +00.0000 001462 2.70
211.0000 0282.28 0354.53 211.1505 +38.8825 000.0000 +00.0000 000629 3.62
-------------------------------------------------------
FF_CA0003_20180614_081507_569_0494848.fits
Calibrated with RMS on: 2018-06-19 03:11:10.313361 UTC
CA0003 01.0 0004 0025.00 000.0 000.0  00.0 009.6 0250.2 0341.0
113.0000 0954.96 0214.42 194.2909 +72.0912 000.0000 +00.0000 001714 2.53
114.0000 0950.15 0230.16 192.9105 +71.3543 000.0000 +00.0000 000189 4.92
115.0000 0945.49 0241.56 192.0950 +70.7705 000.0000 +00.0000 000421 4.05
116.0000 0947.00 0242.00 191.8901 +70.8160 000.0000 +00.0000 000026 7.08
-------------------------------------------------------
FF_CA0003_20180614_082551_045_0510976.fits
Calibrated with RMS on: 2018-06-19 03:11:10.313361 UTC
CA0003 01.0 0004 0025.00 000.0 000.0  00.0 004.9 0387.9 0101.3
23.0000 0012.70 0089.81 239.3903 +27.7991 000.0000 +00.0000 001134 2.98
26.0000 0023.00 0091.00 239.1406 +28.3948 000.0000 +00.0000 000131 5.32
27.0000 0023.00 0089.49 239.2317 +28.4009 000.0000 +00.0000 000240 4.66
31.0000 0051.34 0081.67 239.2237 +30.0672 000.0000 +00.0000 000101 5.60
-------------------------------------------------------
FF_CA0003_20180614_082601_275_0511232.fits
Calibrated with RMS on: 2018-06-19 03:11:10.313361 UTC
CA0003 01.0 0004 0025.00 000.0 000.0  00.0 007.4 0073.0 0163.6
9.0000 0512.00 0534.02 199.5175 +44.4696 000.0000 +00.0000 000189 4.92
10.0000 0511.16 0539.51 199.2483 +44.2695 000.0000 +00.0000 002029 2.35
11.0000 0508.75 0548.81 198.8372 +43.8894 000.0000 +00.0000 003531 1.74
12.0000 0506.37 0555.62 198.5649 +43.5853 000.0000 +00.0000 002853 1.98
-------------------------------------------------------
FF_CA0003_20180614_082925_701_0516352.fits
Calibrated with RMS on: 2018-06-19 03:11:10.313361 UTC
CA0003 01.0 0005 0025.00 000.0 000.0  00.0 007.5 0269.1 0088.2
237.0000 0797.84 0096.15 223.9443 +67.7701 000.0000 +00.0000 003162 1.86
238.0000 0772.00 0097.00 224.7048 +66.4933 000.0000 +00.0000 000578 3.71
239.0000 0769.73 0094.68 225.0669 +66.4190 000.0000 +00.0000 000343 4.28
240.0000 0769.00 0095.00 225.0503 +66.3783 000.0000 +00.0000 000191 4.91
241.0000 0768.00 0095.00 225.0821 +66.3295 000.0000 +00.0000 000046 6.46
