#
#   version : pre1.0-239-gcf65bfc
#    num_fr : 20
#    num_tr : 0
#      time : 20180521 05:22:06.255 UTC
#      unix : 1526880126.255506
#       ntp : LOCK -11738 2748 4
#       seq : 499671
#       mul : 1 [B]
#      site : 02
#    latlon : 43.1928 -81.3157 324.0
#      text : Elginfield_Wide_G4-18-C
#    stream : KT
#     plate : metal_20180201_02_pre1.0-177-g5127e76
#      geom : 900 900
#    filter : 0
#
#  fr    time    sum     seq       cx       cy      th      phi     lsp    mag  flag   bak    max
   79  -0.288  83231  499648  163.415  592.063  34.631   99.616 -13.178   2.85  0000 825.2 2046.0
   79  -0.288 273349  499648  153.102  601.972  34.292  100.340 -14.675   1.35  0004 783.0 16383.0
   79  -0.288 460604  499648  151.554  604.570  34.246  100.522 -14.698   1.33  0004 770.4 16383.0
   80  -0.275 507877  499649  153.977  603.806  34.332  100.453 -14.772   1.26  0000 777.5 16383.0
   80  -0.275 552477  499649  155.701  604.533  34.399  100.486 -14.776   1.25  0004 779.3 16383.0
   80  -0.275 597079  499649  156.058  606.078  34.419  100.584 -14.774   1.26  0004 777.3 16383.0
   80  -0.275 500830  499649  156.695  607.793  34.450  100.691 -14.770   1.26  0004 775.0 16383.0
   81  -0.263 659934  499650  157.376  606.002  34.467  100.569 -14.778   1.25  0000 779.8 16383.0
   82  -0.250 502174  499651  156.485  604.392  34.427  100.471 -14.846   1.18  0000 782.0 16383.0
   82  -0.250 682624  499651  159.274  605.254  34.534  100.505 -14.864   1.17  0004 787.1 16383.0
   83  -0.238 788783  499652  161.962  603.496  34.625  100.370 -14.995   1.04  0000 796.6 16383.0
   84  -0.225 835179  499653  163.904  600.951  34.686  100.189 -15.046   0.98  0000 808.3 16383.0
   85  -0.213 815769  499654  166.162  599.773  34.765  100.096 -15.049   0.98  0000 819.9 16383.0
   86  -0.200 609826  499655  166.385  598.646  34.768  100.021 -15.108   0.92  0000 821.8 16383.0
   86  -0.200 862699  499655  168.435  598.553  34.843  100.000 -15.116   0.91  0004 829.2 16383.0
   88  -0.175 990624  499657  173.787  595.928  35.030   99.791 -15.246   0.78  0000 855.1 16383.0
   92  -0.125 794637  499661  180.977  592.620  35.283   99.528 -15.478   0.55  0000 897.4 16383.0
   94  -0.100 854251  499663  186.363  591.624  35.479   99.427 -15.571   0.46  0000 984.4 16383.0
   97  -0.063 1186809  499666  195.713  587.643  35.810   99.112 -15.719   0.31  0000 1026.5 16383.0
  102   0.000 1304408  499671  208.335  581.664  36.257   98.657 -15.858   0.17  0000 1014.6 16383.0
