Meteor Count = 000006
-----------------------------------------------------
Processed with RMS 20180715_011426 d7badbeee56ce559f7f25d13723b33c51ed65718 on 2018-07-22 16:59:37.889212 UTC
-----------------------------------------------------
FF  folder = /home/patrik/Dropbox/Workspace/RollingShutterSim/Observations/allRMS/CA0001_20180614_014042_812605_detected
CAL folder = /home/patrik/Dropbox/Workspace/RollingShutterSim/Observations/allRMS/CA0001_20180614_014042_812605_detected
-----------------------------------------------------
FF  file processed
CAL file processed
Cam# Meteor# #Segments fps hnr mle bin Pix/fm Rho Phi
Per segment:  Frame# Col Row RA Dec Azim Elev Inten Mag
-------------------------------------------------------
FF_CA0001_20180614_060749_052_0394240.fits
Calibrated with RMS on: 2018-07-22 16:59:37.798637 UTC
CA0001 01.0 0010 0025.00 000.0 000.0  00.0 005.0 0282.4 -140.8
129.0000 0352.68 0454.23 146.9738 +74.5933 000.0000 +00.0000 000129 4.96
130.0000 0354.69 0457.31 146.2880 +74.5748 000.0000 +00.0000 000373 3.80
131.0000 0358.75 0461.60 145.1769 +74.5953 000.0000 +00.0000 000681 3.15
132.0000 0361.72 0465.37 144.2762 +74.5850 000.0000 +00.0000 000677 3.16
133.0000 0365.60 0469.30 143.2367 +74.6002 000.0000 +00.0000 000273 4.14
134.0000 0368.06 0472.87 142.4333 +74.5693 000.0000 +00.0000 000180 4.59
135.0000 0370.41 0476.57 141.6313 +74.5265 000.0000 +00.0000 000616 3.26
136.0000 0374.11 0480.31 140.6455 +74.5288 000.0000 +00.0000 000546 3.39
137.0000 0377.65 0484.94 139.5703 +74.4878 000.0000 +00.0000 001090 2.64
138.0000 0380.17 0489.51 138.6517 +74.4074 000.0000 +00.0000 000093 5.31
-------------------------------------------------------
FF_CA0001_20180614_062724_738_0422656.fits
Calibrated with RMS on: 2018-07-22 16:59:37.798637 UTC
CA0001 01.0 0014 0025.00 000.0 000.0  00.0 010.9 0107.9 0146.9
196.0000 0429.23 0487.45 136.2246 +76.0908 000.0000 +00.0000 001630 2.20
197.0000 0423.60 0496.26 136.1592 +75.5597 000.0000 +00.0000 008415 0.42
198.0000 0417.76 0504.93 136.1483 +75.0265 000.0000 +00.0000 011562 0.07
199.0000 0411.38 0514.22 136.1577 +74.4496 000.0000 +00.0000 014829 -0.20
200.0000 0404.97 0523.71 136.1522 +73.8614 000.0000 +00.0000 016163 -0.29
201.0000 0398.54 0532.96 136.1747 +73.2804 000.0000 +00.0000 019137 -0.47
202.0000 0392.64 0542.19 136.1252 +72.7141 000.0000 +00.0000 019206 -0.48
203.0000 0386.48 0551.36 136.1206 +72.1401 000.0000 +00.0000 019876 -0.51
204.0000 0380.61 0561.13 136.0262 +71.5472 000.0000 +00.0000 019199 -0.48
205.0000 0374.17 0570.31 136.0622 +70.9593 000.0000 +00.0000 018853 -0.46
206.0000 0368.08 0579.68 136.0380 +70.3714 000.0000 +00.0000 019209 -0.48
207.0000 0361.97 0589.32 135.9970 +69.7685 000.0000 +00.0000 016986 -0.34
208.0000 0356.14 0598.41 135.9696 +69.1951 000.0000 +00.0000 013442 -0.09
209.0000 0351.15 0605.88 135.9720 +68.7157 000.0000 +00.0000 003687 1.32
-------------------------------------------------------
FF_CA0001_20180614_064617_625_0450048.fits
Calibrated with RMS on: 2018-07-22 16:59:37.798637 UTC
CA0001 01.0 0005 0025.00 000.0 000.0  00.0 012.1 0577.0 0141.1
159.0000 0029.03 0200.25 202.8616 +59.4935 000.0000 +00.0000 001111 2.62
160.0000 0020.34 0209.04 201.9334 +59.0238 000.0000 +00.0000 005713 0.84
161.0000 0011.58 0220.22 200.7993 +58.5528 000.0000 +00.0000 017459 -0.37
162.0000 0003.12 0230.54 199.7803 +58.0794 000.0000 +00.0000 015782 -0.26
163.0000 -001.90 0237.66 199.0944 +57.7961 000.0000 +00.0000 002089 1.93
-------------------------------------------------------
FF_CA0001_20180614_072843_240_0512000.fits
Calibrated with RMS on: 2018-07-22 16:59:37.798637 UTC
CA0001 01.0 0006 0025.00 000.0 000.0  00.0 012.2 0142.9 0157.8
2.0000 0466.80 0406.61 156.0283 +80.4644 000.0000 +00.0000 000683 3.15
3.0000 0462.81 0416.37 155.1593 +79.9619 000.0000 +00.0000 001281 2.46
4.0000 0457.42 0428.64 154.2639 +79.3145 000.0000 +00.0000 004019 1.22
5.0000 0452.22 0441.99 153.2719 +78.6260 000.0000 +00.0000 004691 1.05
6.0000 0447.54 0453.76 152.5113 +78.0120 000.0000 +00.0000 006322 0.73
7.0000 0443.45 0462.75 152.0786 +77.5253 000.0000 +00.0000 001419 2.35
-------------------------------------------------------
FF_CA0001_20180614_074655_161_0537856.fits
Calibrated with RMS on: 2018-07-22 16:59:37.798637 UTC
CA0001 01.0 0009 0025.00 000.0 000.0  00.0 002.4 0048.2 0324.5
0.0000 0617.38 0473.87 113.3070 +79.2952 000.0000 +00.0000 002089 1.93
1.0000 0616.00 0476.81 113.7660 +79.1588 000.0000 +00.0000 000476 3.54
2.0000 0614.39 0478.80 114.2452 +79.0696 000.0000 +00.0000 001418 2.35
3.0000 0612.77 0481.15 114.7290 +78.9620 000.0000 +00.0000 002169 1.89
4.0000 0610.41 0483.08 115.3817 +78.8776 000.0000 +00.0000 002119 1.92
5.0000 0609.68 0485.80 115.6301 +78.7462 000.0000 +00.0000 003392 1.41
6.0000 0607.60 0487.93 116.1978 +78.6489 000.0000 +00.0000 001588 2.23
7.0000 0606.57 0489.68 116.4884 +78.5658 000.0000 +00.0000 000283 4.10
8.0000 0607.08 0490.06 116.3691 +78.5452 000.0000 +00.0000 000102 5.21
-------------------------------------------------------
FF_CA0001_20180614_075241_121_0545792.fits
Calibrated with RMS on: 2018-07-22 16:59:37.798637 UTC
CA0001 01.0 0008 0025.00 000.0 000.0  00.0 009.7 0354.4 -150.3
145.0000 0283.46 0449.93 181.0518 +71.7149 000.0000 +00.0000 000560 3.36
146.0000 0287.92 0457.57 179.6383 +71.7076 000.0000 +00.0000 000802 2.97
147.0000 0292.60 0465.89 178.1197 +71.6786 000.0000 +00.0000 000703 3.11
148.0000 0297.30 0475.09 176.4954 +71.6104 000.0000 +00.0000 000981 2.75
149.0000 0301.70 0483.19 175.0511 +71.5487 000.0000 +00.0000 000434 3.64
150.0000 0306.56 0491.31 173.5687 +71.4935 000.0000 +00.0000 000215 4.40
151.0000 0312.38 0500.61 171.8575 +71.4248 000.0000 +00.0000 000424 3.66
152.0000 0317.16 0508.85 170.3951 +71.3346 000.0000 +00.0000 000509 3.47
