Meteor Count = 000012
-----------------------------------------------------
Processed with RMS 20180719_142828 4f882cc89ee2c554830cfe93bcdd371bf41d3081 on 2018-07-19 13:22:49.163756 UTC
-----------------------------------------------------
FF  folder = ../Observations/allRMS/ftps/
CAL folder = ../Observations/allRMS/ftps/
-----------------------------------------------------
FF  file processed
CAL file processed
Cam# Meteor# #Segments fps hnr mle bin Pix/fm Rho Phi
Per segment:  Frame# Col Row RA Dec Azim Elev Inten Mag
-------------------------------------------------------
FF_CA0001_20180614_060749_052_0394240.fits
Uncalibrated
CA0001 01.0 0010 0025.00 000.0 000.0  00.0 004.9 0282.4 -140.8
129.6296 0351.96 0453.30 147.1951 +74.5938 000.0000 +00.0000 000129 4.96
130.6333 0353.67 0456.00 146.5998 +74.5763 000.0000 +00.0000 000373 3.80
131.6393 0357.74 0460.30 145.4861 +74.5985 000.0000 +00.0000 000681 3.15
132.6444 0360.60 0463.94 144.6168 +74.5896 000.0000 +00.0000 000677 3.16
133.6500 0364.58 0467.98 143.5491 +74.6066 000.0000 +00.0000 000273 4.14
134.6551 0367.10 0471.64 142.7246 +74.5760 000.0000 +00.0000 000180 4.59
135.6601 0369.41 0475.28 141.9346 +74.5350 000.0000 +00.0000 000616 3.26
136.6651 0373.02 0478.90 140.9758 +74.5398 000.0000 +00.0000 000546 3.39
137.6716 0376.58 0483.57 139.8909 +74.4997 000.0000 +00.0000 001090 2.64
138.6780 0379.13 0488.18 138.9607 +74.4203 000.0000 +00.0000 000093 5.31
-------------------------------------------------------
FF_CA0003_20180614_060714_115_0302592.fits
Uncalibrated
CA0001 01.0 0014 0025.00 000.0 000.0  00.0 004.3 0097.9 0051.3
139.4080 0713.48 0293.77 171.5412 +59.5106 000.0000 +00.0000 000123 5.39
140.4163 0721.10 0299.71 170.6532 +59.6748 000.0000 +00.0000 000184 4.95
141.4236 0728.92 0305.02 169.7982 +59.8594 000.0000 +00.0000 000356 4.24
142.4277 0731.56 0307.98 169.4112 +59.8882 000.0000 +00.0000 000446 3.99
143.4311 0737.25 0310.42 168.8984 +60.0577 000.0000 +00.0000 000135 5.29
144.4353 0737.90 0313.41 168.6166 +60.0005 000.0000 +00.0000 000842 3.30
145.4397 0742.36 0316.61 168.1052 +60.0946 000.0000 +00.0000 000659 3.57
146.4424 0745.42 0318.55 167.7735 +60.1655 000.0000 +00.0000 000948 3.17
147.4477 0749.25 0322.35 167.2446 +60.2134 000.0000 +00.0000 000835 3.31
148.4478 0749.50 0322.40 167.2263 +60.2222 000.0000 +00.0000 000476 3.92
149.4528 0754.52 0326.00 166.6422 +60.3226 000.0000 +00.0000 000689 3.52
150.4544 0755.50 0327.16 166.4909 +60.3285 000.0000 +00.0000 000169 5.04
151.4562 0756.01 0328.49 166.3534 +60.3100 000.0000 +00.0000 000144 5.22
152.4583 0757.00 0330.00 166.1733 +60.3056 000.0000 +00.0000 000022 7.26
-------------------------------------------------------
FF_CA0001_20180614_062724_738_0422656.fits
Uncalibrated
CA0001 01.0 0014 0025.00 000.0 000.0  00.0 010.9 0107.9 0146.9
196.6730 0431.12 0484.59 136.2364 +76.2647 000.0000 +00.0000 001630 2.20
197.6855 0425.40 0493.53 136.1696 +75.7261 000.0000 +00.0000 008415 0.42
198.6975 0419.56 0502.21 136.1568 +75.1930 000.0000 +00.0000 011562 0.07
199.7105 0413.15 0511.53 136.1670 +74.6145 000.0000 +00.0000 014829 -0.20
200.7238 0406.67 0521.13 136.1600 +74.0203 000.0000 +00.0000 016163 -0.29
201.7368 0400.15 0530.53 136.1804 +73.4309 000.0000 +00.0000 019137 -0.47
202.7498 0394.16 0539.88 136.1311 +72.8573 000.0000 +00.0000 019206 -0.48
203.7627 0387.95 0549.14 136.1245 +72.2786 000.0000 +00.0000 019876 -0.51
204.7764 0381.99 0559.04 136.0294 +71.6780 000.0000 +00.0000 019199 -0.48
205.7894 0375.47 0568.34 136.0651 +71.0831 000.0000 +00.0000 018853 -0.46
206.8025 0369.31 0577.81 136.0408 +70.4894 000.0000 +00.0000 019209 -0.48
207.8161 0363.10 0587.61 135.9984 +69.8771 000.0000 +00.0000 016986 -0.34
208.8291 0357.09 0596.96 135.9715 +69.2874 000.0000 +00.0000 013442 -0.09
209.8398 0351.96 0604.66 135.9722 +68.7940 000.0000 +00.0000 003687 1.32
-------------------------------------------------------
FF_CA0003_20180614_062649_946_0332032.fits
Uncalibrated
CA0001 01.0 0015 0025.00 000.0 000.0  00.0 011.0 0217.3 0336.5
205.4008 0906.44 0288.60 163.8815 +67.5921 000.0000 +00.0000 000083 5.82
206.4133 0903.05 0297.61 163.3393 +67.1481 000.0000 +00.0000 005581 1.25
207.4266 0898.75 0307.18 162.8456 +66.6494 000.0000 +00.0000 012086 0.41
208.4416 0894.39 0317.93 162.2717 +66.1070 000.0000 +00.0000 014970 0.18
209.4559 0890.54 0328.28 161.7104 +65.5977 000.0000 +00.0000 017560 0.00
210.4706 0885.85 0338.80 161.2266 +65.0507 000.0000 +00.0000 019715 -0.12
211.4852 0881.28 0349.37 160.7464 +64.5066 000.0000 +00.0000 020868 -0.19
212.5007 0876.68 0360.48 160.2430 +63.9421 000.0000 +00.0000 022151 -0.25
213.5154 0871.69 0371.12 159.8255 +63.3803 000.0000 +00.0000 021941 -0.24
214.5303 0867.51 0381.81 159.3530 +62.8460 000.0000 +00.0000 020695 -0.18
215.5457 0862.57 0392.88 158.9281 +62.2708 000.0000 +00.0000 020415 -0.16
216.5610 0857.47 0403.91 158.5324 +61.6916 000.0000 +00.0000 019616 -0.12
217.5761 0852.85 0414.77 158.1237 +61.1355 000.0000 +00.0000 017475 0.01
218.5898 0848.20 0424.64 157.7973 +60.6144 000.0000 +00.0000 008287 0.82
219.6000 0845.56 0432.00 157.4968 +60.2543 000.0000 +00.0000 000041 6.58
-------------------------------------------------------
FF_CA0001_20180614_064617_625_0450048.fits
Uncalibrated
CA0001 01.0 0005 0025.00 000.0 000.0  00.0 012.4 0577.0 0141.1
159.2690 0034.48 0193.66 203.5656 +59.7720 000.0000 +00.0000 001111 2.62
160.2806 0026.12 0202.06 202.6602 +59.3284 000.0000 +00.0000 005713 0.84
161.2956 0017.68 0212.84 201.5460 +58.8854 000.0000 +00.0000 017459 -0.37
162.3115 0008.29 0224.29 200.3942 +58.3708 000.0000 +00.0000 015782 -0.26
163.3229 0002.40 0232.46 199.5953 +58.0436 000.0000 +00.0000 002089 1.93
-------------------------------------------------------
FF_CA0003_20180614_064544_053_0360448.fits
Uncalibrated
CA0001 01.0 0005 0025.00 000.0 000.0  00.0 012.8 0347.4 0151.9
137.2502 0343.02 0180.13 202.2258 +44.6801 000.0000 +00.0000 001486 2.68
138.2626 0337.45 0189.08 201.7311 +44.2909 000.0000 +00.0000 007210 0.97
139.2814 0329.97 0202.63 200.9762 +43.7427 000.0000 +00.0000 018124 -0.03
140.2987 0323.55 0215.08 200.2877 +43.2550 000.0000 +00.0000 016403 0.08
141.3135 0317.73 0225.75 199.7167 +42.8168 000.0000 +00.0000 007867 0.87
-------------------------------------------------------
FF_CA0001_20180614_072843_240_0512000.fits
Uncalibrated
CA0001 01.0 0006 0025.00 000.0 000.0  00.0 012.1 0142.9 0157.8
2.5591 0468.48 0402.56 156.4109 +80.6728 000.0000 +00.0000 000683 3.15
3.5721 0464.68 0411.88 155.5402 +80.1946 000.0000 +00.0000 001281 2.46
4.5886 0459.44 0423.78 154.6302 +79.5678 000.0000 +00.0000 004019 1.22
5.6073 0454.18 0437.29 153.5804 +78.8729 000.0000 +00.0000 004691 1.05
6.6246 0449.22 0449.71 152.7503 +78.2258 000.0000 +00.0000 006322 0.73
7.6379 0444.89 0459.28 152.2680 +77.7092 000.0000 +00.0000 001419 2.35
-------------------------------------------------------
FF_CA0003_20180614_072808_136_0424192.fits
Uncalibrated
CA0001 01.0 0006 0025.00 000.0 000.0  00.0 012.4 0203.6 0349.9
19.2893 0874.97 0208.33 190.3063 +68.8349 000.0000 +00.0000 000647 3.59
20.3047 0872.91 0219.39 189.1958 +68.4242 000.0000 +00.0000 001323 2.81
21.3219 0870.57 0231.74 188.0067 +67.9580 000.0000 +00.0000 003826 1.66
22.3401 0867.86 0244.87 186.8117 +67.4465 000.0000 +00.0000 006097 1.15
23.3588 0865.18 0258.31 185.6340 +66.9208 000.0000 +00.0000 007726 0.89
24.3753 0863.06 0270.19 184.6155 +66.4617 000.0000 +00.0000 004656 1.44
-------------------------------------------------------
FF_CA0001_20180614_074655_161_0537856.fits
Uncalibrated
CA0001 01.0 0009 0025.00 000.0 000.0  00.0 002.5 0048.2 0324.5
0.6568 0618.00 0472.89 113.1091 +79.3395 000.0000 +00.0000 002089 1.93
1.6611 0616.54 0475.96 113.5977 +79.1975 000.0000 +00.0000 000476 3.54
2.6639 0614.91 0477.98 114.0860 +79.1073 000.0000 +00.0000 001418 2.35
3.6671 0613.31 0480.31 114.5672 +79.0008 000.0000 +00.0000 002169 1.89
4.6698 0610.92 0482.28 115.2321 +78.9149 000.0000 +00.0000 002119 1.92
5.6736 0610.20 0484.98 115.4801 +78.7846 000.0000 +00.0000 003392 1.41
6.6767 0608.06 0487.20 116.0678 +78.6833 000.0000 +00.0000 001588 2.23
7.6795 0606.86 0489.22 116.4077 +78.5876 000.0000 +00.0000 000283 4.10
8.6804 0607.20 0489.86 116.3356 +78.5547 000.0000 +00.0000 000102 5.21
-------------------------------------------------------
FF_CA0003_20180614_074610_856_0451328.fits
Uncalibrated
CA0001 01.0 0010 0025.00 000.0 000.0  00.0 003.9 0197.3 0316.3
246.3411 1023.11 0245.57 174.8965 +73.5929 000.0000 +00.0000 000707 3.49
247.3440 1020.12 0247.68 175.0997 +73.4008 000.0000 +00.0000 001424 2.73
248.3487 1017.37 0251.10 175.1243 +73.1647 000.0000 +00.0000 000745 3.43
249.3517 1014.42 0253.24 175.3102 +72.9733 000.0000 +00.0000 002244 2.24
250.3563 1011.73 0256.53 175.3356 +72.7453 000.0000 +00.0000 002091 2.31
251.3607 1009.24 0259.68 175.3472 +72.5304 000.0000 +00.0000 002668 2.05
252.3646 1006.20 0262.48 175.4672 +72.3102 000.0000 +00.0000 003754 1.68
253.3690 1003.56 0265.71 175.4876 +72.0875 000.0000 +00.0000 002582 2.08
254.3724 1000.59 0268.15 175.6290 +71.8846 000.0000 +00.0000 001241 2.88
255.3760 0998.88 0270.73 175.5915 +71.7214 000.0000 +00.0000 000401 4.11
-------------------------------------------------------
FF_CA0001_20180614_075241_121_0545792.fits
Uncalibrated
CA0001 01.0 0008 0025.00 000.0 000.0  00.0 009.6 0354.4 -150.3
145.6209 0281.81 0447.05 181.5825 +71.7161 000.0000 +00.0000 000560 3.36
146.6315 0286.27 0454.68 180.1694 +71.7134 000.0000 +00.0000 000802 2.97
147.6429 0290.88 0462.88 178.6709 +71.6895 000.0000 +00.0000 000703 3.11
148.6559 0295.68 0472.25 177.0117 +71.6257 000.0000 +00.0000 000981 2.75
149.6673 0300.16 0480.49 175.5386 +71.5675 000.0000 +00.0000 000434 3.64
150.6784 0304.93 0488.46 174.0801 +71.5175 000.0000 +00.0000 000215 4.40
151.6916 0310.86 0497.96 172.3291 +71.4518 000.0000 +00.0000 000424 3.66
152.7033 0315.74 0506.37 170.8317 +71.3638 000.0000 +00.0000 000509 3.47
-------------------------------------------------------
FF_CA0003_20180614_075208_606_0460288.fits
Uncalibrated
CA0001 01.0 0008 0025.00 000.0 000.0  00.0 009.0 0070.3 0047.4
97.4243 0684.81 0305.51 198.3014 +57.9813 000.0000 +00.0000 001042 3.07
98.4318 0690.71 0310.90 197.5824 +58.0898 000.0000 +00.0000 001812 2.47
99.4417 0697.97 0318.00 196.6551 +58.2055 000.0000 +00.0000 001774 2.49
100.4490 0704.55 0323.28 195.9008 +58.3368 000.0000 +00.0000 001775 2.49
101.4586 0711.67 0330.20 194.9838 +58.4404 000.0000 +00.0000 001677 2.55
102.4671 0718.23 0336.28 194.1575 +58.5389 000.0000 +00.0000 001220 2.90
103.4766 0725.14 0343.14 193.2469 +58.6241 000.0000 +00.0000 001718 2.53
104.4848 0731.05 0349.06 192.4606 +58.6907 000.0000 +00.0000 000567 3.73
