Meteor Count = 000006
-----------------------------------------------------
Processed with RMS 20180622_230027 3ac859d249f777c2c7d09b47a14f6f3c80fd98fb on 2018-06-22 21:04:55.790760 UTC
-----------------------------------------------------
FF  folder = /home/patrik/Workspace/RollingComp/Data/allRMS/CA0003_20180614_024551_045135_detected/
CAL folder = /home/patrik/Workspace/RollingComp/Data/allRMS/CA0003_20180614_024551_045135_detected/
-----------------------------------------------------
FF  file processed
CAL file processed
Cam# Meteor# #Segments fps hnr mle bin Pix/fm Rho Phi
Per segment:  Frame# Col Row RA Dec Azim Elev Inten Mag
-------------------------------------------------------
FF_CA0003_20180614_060714_115_0302592.fits
Uncalibrated
CA0003 01.0 0014 0025.00 000.0 000.0  00.0 004.3 0097.9 0051.3
139.4080 0713.48 0293.77 171.5412 +59.5106 000.0000 +00.0000 000123 5.39
140.4163 0721.10 0299.71 170.6532 +59.6748 000.0000 +00.0000 000184 4.95
141.4236 0728.92 0305.02 169.7982 +59.8594 000.0000 +00.0000 000356 4.24
142.4277 0731.56 0307.98 169.4112 +59.8882 000.0000 +00.0000 000446 3.99
143.4311 0737.25 0310.42 168.8984 +60.0577 000.0000 +00.0000 000135 5.29
144.4353 0737.90 0313.41 168.6166 +60.0005 000.0000 +00.0000 000842 3.30
145.4397 0742.36 0316.61 168.1052 +60.0946 000.0000 +00.0000 000659 3.57
146.4424 0745.42 0318.55 167.7735 +60.1655 000.0000 +00.0000 000948 3.17
147.4477 0749.25 0322.35 167.2446 +60.2134 000.0000 +00.0000 000835 3.31
148.4478 0749.50 0322.40 167.2263 +60.2222 000.0000 +00.0000 000476 3.92
149.4528 0754.52 0326.00 166.6422 +60.3226 000.0000 +00.0000 000689 3.52
150.4544 0755.50 0327.16 166.4909 +60.3285 000.0000 +00.0000 000169 5.04
151.4562 0756.01 0328.49 166.3534 +60.3100 000.0000 +00.0000 000144 5.22
152.4583 0757.00 0330.00 166.1733 +60.3056 000.0000 +00.0000 000022 7.26
-------------------------------------------------------
FF_CA0003_20180614_062649_946_0332032.fits
Uncalibrated
CA0003 01.0 0015 0025.00 000.0 000.0  00.0 011.0 0217.3 0336.5
205.4008 0906.44 0288.60 163.8815 +67.5921 000.0000 +00.0000 000083 5.82
206.4133 0903.05 0297.61 163.3393 +67.1481 000.0000 +00.0000 005581 1.25
207.4266 0898.75 0307.18 162.8456 +66.6494 000.0000 +00.0000 012086 0.41
208.4416 0894.39 0317.93 162.2717 +66.1070 000.0000 +00.0000 014970 0.18
209.4559 0890.54 0328.28 161.7104 +65.5977 000.0000 +00.0000 017560 0.00
210.4706 0885.85 0338.80 161.2266 +65.0507 000.0000 +00.0000 019715 -0.12
211.4852 0881.28 0349.37 160.7464 +64.5066 000.0000 +00.0000 020868 -0.19
212.5007 0876.68 0360.48 160.2430 +63.9421 000.0000 +00.0000 022151 -0.25
213.5154 0871.69 0371.12 159.8255 +63.3803 000.0000 +00.0000 021941 -0.24
214.5303 0867.51 0381.81 159.3530 +62.8460 000.0000 +00.0000 020695 -0.18
215.5457 0862.57 0392.88 158.9281 +62.2708 000.0000 +00.0000 020415 -0.16
216.5610 0857.47 0403.91 158.5324 +61.6916 000.0000 +00.0000 019616 -0.12
217.5761 0852.85 0414.77 158.1237 +61.1355 000.0000 +00.0000 017475 0.01
218.5898 0848.20 0424.64 157.7973 +60.6144 000.0000 +00.0000 008287 0.82
219.6000 0845.56 0432.00 157.4968 +60.2543 000.0000 +00.0000 000041 6.58
-------------------------------------------------------
FF_CA0003_20180614_064544_053_0360448.fits
Uncalibrated
CA0003 01.0 0005 0025.00 000.0 000.0  00.0 012.8 0347.4 0151.9
137.2502 0343.02 0180.13 202.2258 +44.6801 000.0000 +00.0000 001486 2.68
138.2626 0337.45 0189.08 201.7311 +44.2909 000.0000 +00.0000 007210 0.97
139.2814 0329.97 0202.63 200.9762 +43.7427 000.0000 +00.0000 018124 -0.03
140.2987 0323.55 0215.08 200.2877 +43.2550 000.0000 +00.0000 016403 0.08
141.3135 0317.73 0225.75 199.7167 +42.8168 000.0000 +00.0000 007867 0.87
-------------------------------------------------------
FF_CA0003_20180614_072808_136_0424192.fits
Uncalibrated
CA0003 01.0 0006 0025.00 000.0 000.0  00.0 012.4 0203.6 0349.9
19.2893 0874.97 0208.33 190.3063 +68.8349 000.0000 +00.0000 000647 3.59
20.3047 0872.91 0219.39 189.1958 +68.4242 000.0000 +00.0000 001323 2.81
21.3219 0870.57 0231.74 188.0067 +67.9580 000.0000 +00.0000 003826 1.66
22.3401 0867.86 0244.87 186.8117 +67.4465 000.0000 +00.0000 006097 1.15
23.3588 0865.18 0258.31 185.6340 +66.9208 000.0000 +00.0000 007726 0.89
24.3753 0863.06 0270.19 184.6155 +66.4617 000.0000 +00.0000 004656 1.44
-------------------------------------------------------
FF_CA0003_20180614_074610_856_0451328.fits
Uncalibrated
CA0003 01.0 0010 0025.00 000.0 000.0  00.0 003.9 0197.3 0316.3
246.3411 1023.11 0245.57 174.8965 +73.5929 000.0000 +00.0000 000707 3.49
247.3440 1020.12 0247.68 175.0997 +73.4008 000.0000 +00.0000 001424 2.73
248.3488 1017.37 0251.10 175.1243 +73.1647 000.0000 +00.0000 000745 3.43
249.3517 1014.42 0253.24 175.3102 +72.9733 000.0000 +00.0000 002244 2.24
250.3563 1011.73 0256.53 175.3356 +72.7453 000.0000 +00.0000 002091 2.31
251.3607 1009.24 0259.68 175.3472 +72.5304 000.0000 +00.0000 002668 2.05
252.3646 1006.20 0262.48 175.4672 +72.3102 000.0000 +00.0000 003754 1.68
253.3690 1003.56 0265.71 175.4876 +72.0875 000.0000 +00.0000 002582 2.08
254.3724 1000.59 0268.15 175.6290 +71.8846 000.0000 +00.0000 001241 2.88
255.3760 0998.88 0270.73 175.5915 +71.7214 000.0000 +00.0000 000401 4.11
-------------------------------------------------------
FF_CA0003_20180614_075208_606_0460288.fits
Uncalibrated
CA0003 01.0 0008 0025.00 000.0 000.0  00.0 009.0 0070.3 0047.4
97.4243 0684.81 0305.51 198.3014 +57.9813 000.0000 +00.0000 001042 3.07
98.4318 0690.71 0310.90 197.5824 +58.0898 000.0000 +00.0000 001812 2.47
99.4417 0697.97 0318.00 196.6551 +58.2055 000.0000 +00.0000 001774 2.49
100.4490 0704.55 0323.28 195.9008 +58.3368 000.0000 +00.0000 001775 2.49
101.4586 0711.67 0330.20 194.9838 +58.4404 000.0000 +00.0000 001677 2.55
102.4671 0718.23 0336.28 194.1575 +58.5389 000.0000 +00.0000 001220 2.90
103.4766 0725.14 0343.14 193.2469 +58.6241 000.0000 +00.0000 001718 2.53
104.4848 0731.05 0349.06 192.4606 +58.6907 000.0000 +00.0000 000567 3.73
