Meteor Count = 000012
-----------------------------------------------------
Processed with RMS 20180622_230027 3ac859d249f777c2c7d09b47a14f6f3c80fd98fb on 2018-06-22 21:05:06.239923 UTC
-----------------------------------------------------
FF  folder = ../Data/allRMS/ftps/
CAL folder = ../Data/allRMS/ftps/
-----------------------------------------------------
FF  file processed
CAL file processed
Cam# Meteor# #Segments fps hnr mle bin Pix/fm Rho Phi
Per segment:  Frame# Col Row RA Dec Azim Elev Inten Mag
-------------------------------------------------------
FF_CA0001_20180614_060749_052_0394240.fits
Uncalibrated
CA0001 01.0 0010 0025.00 000.0 000.0  00.0 004.9 0282.4 -140.8
129.0000 0351.22 0454.22 147.1531 +74.5342 000.0000 +00.0000 000129 4.96
130.0000 0352.63 0457.30 146.5431 +74.4921 000.0000 +00.0000 000373 3.80
131.0000 0356.71 0461.59 145.4353 +74.5148 000.0000 +00.0000 000681 3.15
132.0000 0359.47 0465.36 144.5655 +74.4974 000.0000 +00.0000 000677 3.16
133.0000 0363.54 0469.28 143.5083 +74.5218 000.0000 +00.0000 000273 4.14
134.0000 0366.12 0472.86 142.6910 +74.4961 000.0000 +00.0000 000180 4.59
135.0000 0368.39 0476.55 141.9038 +74.4517 000.0000 +00.0000 000616 3.26
136.0000 0371.91 0480.29 140.9466 +74.4486 000.0000 +00.0000 000546 3.39
137.0000 0375.50 0484.92 139.8688 +74.4110 000.0000 +00.0000 001090 2.64
138.0000 0378.08 0489.50 138.9433 +74.3337 000.0000 +00.0000 000093 5.31
-------------------------------------------------------
FF_CA0003_20180614_060714_115_0302592.fits
Uncalibrated
CA0001 01.0 0014 0025.00 000.0 000.0  00.0 003.8 0097.9 0051.3
139.0000 0711.28 0295.58 171.5031 +59.3690 000.0000 +00.0000 000123 5.39
141.0000 0718.95 0301.47 170.6201 +59.5364 000.0000 +00.0000 000184 4.95
143.0000 0726.98 0306.61 169.7712 +59.7342 000.0000 +00.0000 000356 4.24
144.0000 0729.23 0309.89 169.3805 +59.7377 000.0000 +00.0000 000446 3.99
145.0000 0735.42 0311.92 168.8759 +59.9393 000.0000 +00.0000 000135 5.29
146.0000 0735.80 0315.13 168.5922 +59.8647 000.0000 +00.0000 000842 3.30
147.0000 0740.54 0318.11 168.0850 +59.9766 000.0000 +00.0000 000659 3.57
148.0000 0743.36 0320.24 167.7526 +60.0320 000.0000 +00.0000 000948 3.17
149.0000 0748.17 0323.24 167.2344 +60.1433 000.0000 +00.0000 000835 3.31
150.0000 0747.65 0323.92 167.2093 +60.1022 000.0000 +00.0000 000476 3.92
151.0000 0753.28 0327.02 166.6321 +60.2420 000.0000 +00.0000 000689 3.52
152.0000 0754.58 0327.91 166.4842 +60.2689 000.0000 +00.0000 000169 5.04
153.0000 0755.17 0329.18 166.3472 +60.2555 000.0000 +00.0000 000144 5.22
154.0000 0756.25 0330.62 166.1676 +60.2568 000.0000 +00.0000 000022 7.26
-------------------------------------------------------
FF_CA0001_20180614_062724_738_0422656.fits
Uncalibrated
CA0001 01.0 0014 0025.00 000.0 000.0  00.0 010.9 0107.9 0146.9
196.0000 0429.23 0487.45 136.2246 +76.0908 000.0000 +00.0000 001630 2.20
197.0000 0423.60 0496.26 136.1592 +75.5597 000.0000 +00.0000 008415 0.42
198.0000 0417.76 0504.93 136.1483 +75.0265 000.0000 +00.0000 011562 0.07
199.0000 0411.38 0514.21 136.1588 +74.4500 000.0000 +00.0000 014829 -0.20
200.0000 0404.97 0523.71 136.1522 +73.8614 000.0000 +00.0000 016163 -0.29
201.0000 0398.55 0532.96 136.1733 +73.2807 000.0000 +00.0000 019137 -0.47
202.0000 0392.64 0542.18 136.1261 +72.7145 000.0000 +00.0000 019206 -0.48
203.0000 0386.48 0551.36 136.1206 +72.1401 000.0000 +00.0000 019876 -0.51
204.0000 0380.61 0561.13 136.0262 +71.5472 000.0000 +00.0000 019199 -0.48
205.0000 0374.17 0570.30 136.0630 +70.9597 000.0000 +00.0000 018853 -0.46
206.0000 0368.08 0579.67 136.0388 +70.3718 000.0000 +00.0000 019209 -0.48
207.0000 0361.97 0589.32 135.9970 +69.7685 000.0000 +00.0000 016986 -0.34
208.0000 0356.14 0598.41 135.9696 +69.1951 000.0000 +00.0000 013442 -0.09
209.0000 0351.15 0605.88 135.9720 +68.7157 000.0000 +00.0000 003687 1.32
-------------------------------------------------------
FF_CA0003_20180614_062649_946_0332032.fits
Uncalibrated
CA0001 01.0 0015 0025.00 000.0 000.0  00.0 010.9 0217.3 0336.5
205.0000 0904.20 0293.83 163.5888 +67.3239 000.0000 +00.0000 000083 5.82
206.0000 0900.76 0302.96 163.0508 +66.8737 000.0000 +00.0000 005581 1.25
207.0000 0896.34 0312.80 162.5541 +66.3609 000.0000 +00.0000 012086 0.41
208.0000 0892.02 0323.46 161.9963 +65.8232 000.0000 +00.0000 014970 0.18
209.0000 0888.17 0333.81 161.4456 +65.3137 000.0000 +00.0000 017560 0.00
210.0000 0883.52 0344.25 160.9745 +64.7711 000.0000 +00.0000 019715 -0.12
211.0000 0878.95 0354.82 160.5032 +64.2270 000.0000 +00.0000 020868 -0.19
212.0000 0874.41 0365.78 160.0154 +63.6700 000.0000 +00.0000 022151 -0.25
213.0000 0869.51 0376.21 159.6139 +63.1191 000.0000 +00.0000 021941 -0.24
214.0000 0865.35 0386.85 159.1505 +62.5873 000.0000 +00.0000 020695 -0.18
215.0000 0860.46 0397.81 158.7362 +62.0179 000.0000 +00.0000 020415 -0.16
216.0000 0855.45 0408.64 158.3534 +61.4491 000.0000 +00.0000 019616 -0.12
217.0000 0850.98 0419.15 157.9628 +60.9109 000.0000 +00.0000 017475 0.01
218.0000 0846.67 0428.22 157.6691 +60.4308 000.0000 +00.0000 008287 0.82
219.0000 0844.34 0434.84 157.3975 +60.1084 000.0000 +00.0000 000041 6.58
-------------------------------------------------------
FF_CA0001_20180614_064617_625_0450048.fits
Uncalibrated
CA0001 01.0 0005 0025.00 000.0 000.0  00.0 012.1 0577.0 0141.1
159.0000 0029.06 0200.27 202.8598 +59.4955 000.0000 +00.0000 001111 2.62
160.0000 0020.38 0209.06 201.9316 +59.0265 000.0000 +00.0000 005713 0.84
161.0000 0011.61 0220.23 200.7984 +58.5548 000.0000 +00.0000 017459 -0.37
162.0000 0003.15 0230.55 199.7794 +58.0814 000.0000 +00.0000 015782 -0.26
163.0000 -001.88 0237.67 199.0935 +57.7974 000.0000 +00.0000 002089 1.93
-------------------------------------------------------
FF_CA0003_20180614_064544_053_0360448.fits
Uncalibrated
CA0001 01.0 0005 0025.00 000.0 000.0  00.0 013.1 0347.4 0151.9
137.0000 0339.27 0186.96 201.8361 +44.4080 000.0000 +00.0000 001486 2.68
138.0000 0332.91 0197.35 201.2675 +43.9584 000.0000 +00.0000 007210 0.97
139.0000 0325.38 0210.99 200.5187 +43.4022 000.0000 +00.0000 018124 -0.03
140.0000 0319.29 0222.84 199.8719 +42.9354 000.0000 +00.0000 016403 0.08
141.0000 0313.78 0232.95 199.3377 +42.5176 000.0000 +00.0000 007867 0.87
-------------------------------------------------------
FF_CA0001_20180614_072843_240_0512000.fits
Uncalibrated
CA0001 01.0 0006 0025.00 000.0 000.0  00.0 012.2 0142.9 0157.8
2.0000 0466.81 0406.60 156.0279 +80.4651 000.0000 +00.0000 000683 3.15
3.0000 0462.83 0416.37 155.1548 +79.9626 000.0000 +00.0000 001281 2.46
4.0000 0457.43 0428.64 154.2618 +79.3148 000.0000 +00.0000 004019 1.22
5.0000 0452.24 0441.99 153.2678 +78.6266 000.0000 +00.0000 004691 1.05
6.0000 0447.55 0453.75 152.5107 +78.0127 000.0000 +00.0000 006322 0.73
7.0000 0443.46 0462.74 152.0780 +77.5260 000.0000 +00.0000 001419 2.35
-------------------------------------------------------
FF_CA0003_20180614_072808_136_0424192.fits
Uncalibrated
CA0001 01.0 0006 0025.00 000.0 000.0  00.0 012.5 0203.6 0349.9
19.0000 0873.47 0216.05 189.5313 +68.5461 000.0000 +00.0000 000647 3.59
20.0000 0871.36 0227.38 188.4235 +68.1217 000.0000 +00.0000 001323 2.81
21.0000 0868.96 0240.01 187.2404 +67.6406 000.0000 +00.0000 003826 1.66
22.0000 0866.23 0253.24 186.0691 +67.1214 000.0000 +00.0000 006097 1.15
23.0000 0863.66 0266.11 184.9708 +66.6146 000.0000 +00.0000 007726 0.89
24.0000 0861.65 0277.46 184.0191 +66.1739 000.0000 +00.0000 004656 1.44
-------------------------------------------------------
FF_CA0001_20180614_074655_161_0537856.fits
Uncalibrated
CA0001 01.0 0009 0025.00 000.0 000.0  00.0 002.4 0048.2 0324.5
0.0000 0617.34 0473.85 113.3168 +79.2964 000.0000 +00.0000 002089 1.93
1.0000 0615.97 0476.80 113.7735 +79.1594 000.0000 +00.0000 000476 3.54
2.0000 0614.36 0478.79 114.2527 +79.0703 000.0000 +00.0000 001418 2.35
3.0000 0612.75 0481.13 114.7336 +78.9631 000.0000 +00.0000 002169 1.89
4.0000 0610.38 0483.07 115.3891 +78.8782 000.0000 +00.0000 002119 1.92
5.0000 0609.65 0485.78 115.6372 +78.7473 000.0000 +00.0000 003392 1.41
6.0000 0607.57 0487.91 116.2049 +78.6500 000.0000 +00.0000 001588 2.23
7.0000 0606.55 0489.67 116.4932 +78.5663 000.0000 +00.0000 000283 4.10
8.0000 0607.07 0490.05 116.3714 +78.5457 000.0000 +00.0000 000102 5.21
-------------------------------------------------------
FF_CA0003_20180614_074610_856_0451328.fits
Uncalibrated
CA0001 01.0 0010 0025.00 000.0 000.0  00.0 003.8 0197.3 0316.3
246.0000 1021.46 0247.31 174.9472 +73.4636 000.0000 +00.0000 000707 3.49
247.0000 1018.31 0249.59 175.1523 +73.2591 000.0000 +00.0000 001424 2.73
248.0000 1015.66 0252.90 175.1733 +73.0313 000.0000 +00.0000 000745 3.43
249.0000 1012.62 0255.13 175.3599 +72.8331 000.0000 +00.0000 002244 2.24
250.0000 1009.95 0258.40 175.3835 +72.6069 000.0000 +00.0000 002091 2.31
251.0000 1007.45 0261.56 175.3944 +72.3915 000.0000 +00.0000 002668 2.05
252.0000 1004.40 0264.37 175.5128 +72.1707 000.0000 +00.0000 003754 1.68
253.0000 1001.84 0267.52 175.5298 +71.9542 000.0000 +00.0000 002582 2.08
254.0000 0999.07 0269.75 175.6647 +71.7670 000.0000 +00.0000 001241 2.88
255.0000 0997.55 0272.13 175.6226 +71.6186 000.0000 +00.0000 000401 4.11
-------------------------------------------------------
FF_CA0001_20180614_075241_121_0545792.fits
Uncalibrated
CA0001 01.0 0008 0025.00 000.0 000.0  00.0 009.7 0354.4 -150.3
145.0000 0280.17 0449.93 181.3380 +71.5634 000.0000 +00.0000 000560 3.36
146.0000 0284.63 0457.57 179.9350 +71.5586 000.0000 +00.0000 000802 2.97
147.0000 0289.17 0465.89 178.4401 +71.5260 000.0000 +00.0000 000703 3.11
148.0000 0294.07 0475.09 176.8076 +71.4695 000.0000 +00.0000 000981 2.75
149.0000 0298.63 0483.19 175.3564 +71.4174 000.0000 +00.0000 000434 3.64
150.0000 0303.31 0491.31 173.9008 +71.3573 000.0000 +00.0000 000215 4.40
151.0000 0309.35 0500.61 172.1766 +71.3010 000.0000 +00.0000 000424 3.66
152.0000 0314.33 0508.85 170.7001 +71.2215 000.0000 +00.0000 000509 3.47
-------------------------------------------------------
FF_CA0003_20180614_075208_606_0460288.fits
Uncalibrated
CA0001 01.0 0008 0025.00 000.0 000.0  00.0 009.1 0070.3 0047.4
97.0000 0681.48 0308.63 198.2138 +57.7581 000.0000 +00.0000 001042 3.07
98.0000 0686.98 0314.39 197.4895 +57.8394 000.0000 +00.0000 001812 2.47
99.0000 0694.43 0321.31 196.5729 +57.9673 000.0000 +00.0000 001774 2.49
100.0000 0700.83 0326.77 195.8185 +58.0856 000.0000 +00.0000 001775 2.49
101.0000 0708.09 0333.55 194.9113 +58.1983 000.0000 +00.0000 001677 2.55
102.0000 0714.59 0339.69 194.0890 +58.2922 000.0000 +00.0000 001220 2.90
103.0000 0721.77 0346.30 193.1891 +58.3951 000.0000 +00.0000 001718 2.53
104.0000 0727.93 0351.98 192.4122 +58.4786 000.0000 +00.0000 000567 3.73
