Meteor Count = 000006
-----------------------------------------------------
Processed with RMS 20180529_235125 aca7ccacb9f0d345a4716caee6245fa99cf3680c on 2018-06-22 21:04:55.631516 UTC
-----------------------------------------------------
FF  folder = /home/patrik/Workspace/RollingComp/Data/allRMS/CA0003_20180614_024551_045135_detected
CAL folder = /home/patrik/Workspace/RollingComp/Data/allRMS/CA0003_20180614_024551_045135_detected
-----------------------------------------------------
FF  file processed
CAL file processed
Cam# Meteor# #Segments fps hnr mle bin Pix/fm Rho Phi
Per segment:  Frame# Col Row RA Dec Azim Elev Inten Mag
-------------------------------------------------------
FF_CA0003_20180614_060714_115_0302592.fits
Calibrated with RMS on: 2018-06-22 21:04:55.617777 UTC
CA0003 01.0 0014 0025.00 000.0 000.0  00.0 003.8 0097.9 0051.3
139.0000 0711.28 0295.58 171.5031 +59.3690 000.0000 +00.0000 000123 5.39
141.0000 0718.95 0301.47 170.6201 +59.5364 000.0000 +00.0000 000184 4.95
143.0000 0726.98 0306.61 169.7712 +59.7342 000.0000 +00.0000 000356 4.24
144.0000 0729.23 0309.89 169.3805 +59.7377 000.0000 +00.0000 000446 3.99
145.0000 0735.42 0311.92 168.8759 +59.9393 000.0000 +00.0000 000135 5.29
146.0000 0735.80 0315.13 168.5922 +59.8647 000.0000 +00.0000 000842 3.30
147.0000 0740.54 0318.11 168.0850 +59.9766 000.0000 +00.0000 000659 3.57
148.0000 0743.36 0320.24 167.7526 +60.0320 000.0000 +00.0000 000948 3.17
149.0000 0748.17 0323.24 167.2344 +60.1433 000.0000 +00.0000 000835 3.31
150.0000 0747.65 0323.92 167.2093 +60.1022 000.0000 +00.0000 000476 3.92
151.0000 0753.28 0327.02 166.6321 +60.2420 000.0000 +00.0000 000689 3.52
152.0000 0754.58 0327.91 166.4842 +60.2689 000.0000 +00.0000 000169 5.04
153.0000 0755.17 0329.18 166.3472 +60.2555 000.0000 +00.0000 000144 5.22
154.0000 0756.25 0330.62 166.1676 +60.2568 000.0000 +00.0000 000022 7.26
-------------------------------------------------------
FF_CA0003_20180614_062649_946_0332032.fits
Calibrated with RMS on: 2018-06-22 21:04:55.617777 UTC
CA0003 01.0 0015 0025.00 000.0 000.0  00.0 010.9 0217.3 0336.5
205.0000 0904.20 0293.83 163.5888 +67.3239 000.0000 +00.0000 000083 5.82
206.0000 0900.76 0302.96 163.0508 +66.8737 000.0000 +00.0000 005581 1.25
207.0000 0896.34 0312.80 162.5541 +66.3609 000.0000 +00.0000 012086 0.41
208.0000 0892.02 0323.46 161.9963 +65.8232 000.0000 +00.0000 014970 0.18
209.0000 0888.17 0333.81 161.4456 +65.3137 000.0000 +00.0000 017560 0.00
210.0000 0883.52 0344.25 160.9745 +64.7711 000.0000 +00.0000 019715 -0.12
211.0000 0878.95 0354.82 160.5032 +64.2270 000.0000 +00.0000 020868 -0.19
212.0000 0874.41 0365.78 160.0154 +63.6700 000.0000 +00.0000 022151 -0.25
213.0000 0869.51 0376.21 159.6139 +63.1191 000.0000 +00.0000 021941 -0.24
214.0000 0865.35 0386.85 159.1505 +62.5873 000.0000 +00.0000 020695 -0.18
215.0000 0860.46 0397.81 158.7362 +62.0179 000.0000 +00.0000 020415 -0.16
216.0000 0855.45 0408.64 158.3534 +61.4491 000.0000 +00.0000 019616 -0.12
217.0000 0850.98 0419.15 157.9628 +60.9109 000.0000 +00.0000 017475 0.01
218.0000 0846.67 0428.22 157.6691 +60.4308 000.0000 +00.0000 008287 0.82
219.0000 0844.34 0434.84 157.3975 +60.1084 000.0000 +00.0000 000041 6.58
-------------------------------------------------------
FF_CA0003_20180614_064544_053_0360448.fits
Calibrated with RMS on: 2018-06-22 21:04:55.617777 UTC
CA0003 01.0 0005 0025.00 000.0 000.0  00.0 013.1 0347.4 0151.9
137.0000 0339.27 0186.96 201.8361 +44.4080 000.0000 +00.0000 001486 2.68
138.0000 0332.91 0197.35 201.2675 +43.9584 000.0000 +00.0000 007210 0.97
139.0000 0325.38 0210.99 200.5187 +43.4022 000.0000 +00.0000 018124 -0.03
140.0000 0319.29 0222.84 199.8719 +42.9354 000.0000 +00.0000 016403 0.08
141.0000 0313.78 0232.95 199.3377 +42.5176 000.0000 +00.0000 007867 0.87
-------------------------------------------------------
FF_CA0003_20180614_072808_136_0424192.fits
Calibrated with RMS on: 2018-06-22 21:04:55.617777 UTC
CA0003 01.0 0006 0025.00 000.0 000.0  00.0 012.5 0203.6 0349.9
19.0000 0873.47 0216.05 189.5313 +68.5461 000.0000 +00.0000 000647 3.59
20.0000 0871.36 0227.38 188.4235 +68.1217 000.0000 +00.0000 001323 2.81
21.0000 0868.96 0240.01 187.2404 +67.6406 000.0000 +00.0000 003826 1.66
22.0000 0866.23 0253.24 186.0691 +67.1214 000.0000 +00.0000 006097 1.15
23.0000 0863.66 0266.11 184.9708 +66.6146 000.0000 +00.0000 007726 0.89
24.0000 0861.65 0277.46 184.0191 +66.1739 000.0000 +00.0000 004656 1.44
-------------------------------------------------------
FF_CA0003_20180614_074610_856_0451328.fits
Calibrated with RMS on: 2018-06-22 21:04:55.617777 UTC
CA0003 01.0 0010 0025.00 000.0 000.0  00.0 003.8 0197.3 0316.3
246.0000 1021.46 0247.31 174.9472 +73.4636 000.0000 +00.0000 000707 3.49
247.0000 1018.31 0249.59 175.1523 +73.2591 000.0000 +00.0000 001424 2.73
248.0000 1015.66 0252.90 175.1733 +73.0313 000.0000 +00.0000 000745 3.43
249.0000 1012.62 0255.13 175.3599 +72.8331 000.0000 +00.0000 002244 2.24
250.0000 1009.95 0258.40 175.3835 +72.6069 000.0000 +00.0000 002091 2.31
251.0000 1007.45 0261.56 175.3944 +72.3915 000.0000 +00.0000 002668 2.05
252.0000 1004.40 0264.37 175.5128 +72.1707 000.0000 +00.0000 003754 1.68
253.0000 1001.84 0267.52 175.5298 +71.9542 000.0000 +00.0000 002582 2.08
254.0000 0999.07 0269.75 175.6647 +71.7670 000.0000 +00.0000 001241 2.88
255.0000 0997.55 0272.13 175.6226 +71.6186 000.0000 +00.0000 000401 4.11
-------------------------------------------------------
FF_CA0003_20180614_075208_606_0460288.fits
Calibrated with RMS on: 2018-06-22 21:04:55.617777 UTC
CA0003 01.0 0008 0025.00 000.0 000.0  00.0 009.1 0070.3 0047.4
97.0000 0681.48 0308.63 198.2138 +57.7581 000.0000 +00.0000 001042 3.07
98.0000 0686.98 0314.39 197.4895 +57.8394 000.0000 +00.0000 001812 2.47
99.0000 0694.43 0321.31 196.5729 +57.9673 000.0000 +00.0000 001774 2.49
100.0000 0700.83 0326.77 195.8185 +58.0856 000.0000 +00.0000 001775 2.49
101.0000 0708.09 0333.55 194.9113 +58.1983 000.0000 +00.0000 001677 2.55
102.0000 0714.59 0339.69 194.0890 +58.2922 000.0000 +00.0000 001220 2.90
103.0000 0721.77 0346.30 193.1891 +58.3951 000.0000 +00.0000 001718 2.53
104.0000 0727.93 0351.98 192.4122 +58.4786 000.0000 +00.0000 000567 3.73
