#
#   version : pre1.0-239-gcf65bfc
#    num_fr : 15
#    num_tr : 1714
#      time : 20180521 07:10:45.402 UTC
#      unix : 1526886645.402492
#       ntp : LOCK -6469 2743 3
#       seq : 408426
#       mul : 0 [A]
#      site : 02
#    latlon : 43.1928 -81.3157 324.0
#      text : Elginfield_Wide_G4-18-C
#    stream : KT
#     plate : metal_20180201_02_pre1.0-177-g5127e76
#      geom : 900 900
#    filter : 0
#
#  fr    time    sum     seq       cx       cy      th      phi     lsp    mag  flag   bak    max
   79  -0.175  73110  408412  232.674  651.493  37.468  102.784 -12.612   3.42  0000 854.0 2050.0
   80  -0.163  71645  408413  236.569  655.289  37.632  102.978 -12.706   3.32  0000 847.6 2178.0
   81  -0.150  73004  408414  241.339  657.230  37.819  103.052 -12.794   3.24  0000 851.2 2498.0
   82  -0.138  77260  408415  245.022  660.519  37.973  103.215 -12.709   3.32  0000 854.1 1884.0
   83  -0.125  67984  408416  245.504  664.552  38.013  103.452 -12.606   3.42  0000 843.9 2273.0
   84  -0.113  78471  408417  251.672  667.750  38.258  103.585 -12.713   3.32  0000 846.2 2480.0
   85  -0.100  48798  408418  255.468  671.506  38.420  103.772 -12.324   3.71  0000 843.3 1604.0
   86  -0.088  60176  408419  257.641  676.389  38.529  104.041 -12.490   3.54  0000 834.3 1882.0
   87  -0.075  57718  408420  260.549  680.427  38.660  104.251 -12.412   3.62  0000 828.9 2125.0
   88  -0.063  73503  408421  264.772  685.268  38.845  104.494 -12.656   3.37  0000 825.5 2102.0
   89  -0.050  72542  408422  268.873  687.885  39.011  104.606 -12.627   3.40  0000 831.3 2261.0
   90  -0.038  70568  408423  269.574  689.287  39.046  104.681 -12.644   3.39  0000 828.8 1709.0
   92  -0.013  74730  408425  275.244  699.877  39.321  105.240 -12.703   3.33  0000 826.1 2171.0
   93   0.000  86080  408426  281.512  704.834  39.583  105.461 -12.798   3.23  0000 837.3 2254.0
   96   0.038  73559  408429  288.422  714.966  39.904  105.970 -12.786   3.24  0000 883.8 3227.0
