Meteor Count = 000006
-----------------------------------------------------
Processed with RMS 20180618_102815 a5290dd9e547d3b47dd3c740b6f4d9f672b4adcc on 2018-06-18 22:06:51.842940 UTC
-----------------------------------------------------
FF  folder = /home/patrik/Workspace/RollingComp/Data/0521/CA0001_20180521_012018_461559/raw
CAL folder = /home/patrik/Workspace/RollingComp/Data/0521/CA0001_20180521_012018_461559/raw
-----------------------------------------------------
FF  file processed
CAL file processed
Cam# Meteor# #Segments fps hnr mle bin Pix/fm Rho Phi
Per segment:  Frame# Col Row RA Dec Azim Elev Inten Mag
-------------------------------------------------------
FF_CA0001_20180521_035511_108_0227584.fits
Uncalibrated
CA0001 01.0 0010 0025.00 000.0 000.0  00.0 009.1 0006.7 0333.4
142.0000 0804.41 0048.12 262.6293 +74.4173 000.0000 +00.0000 000103 5.20
143.0000 0798.88 0057.63 263.1764 +74.9469 000.0000 +00.0000 000386 3.77
144.0000 0793.27 0069.04 264.0110 +75.5347 000.0000 +00.0000 001535 2.27
145.0000 0787.46 0079.63 264.9072 +76.1895 000.0000 +00.0000 001857 2.06
146.0000 0783.29 0088.40 265.7537 +76.6746 000.0000 +00.0000 001395 2.37
147.0000 0778.38 0097.93 266.6388 +77.1866 000.0000 +00.0000 000641 3.22
148.0000 0775.72 0104.40 267.8083 +77.7165 000.0000 +00.0000 001132 2.60
149.0000 0773.07 0111.79 268.1446 +77.7688 000.0000 +00.0000 000078 5.50
150.0000 0766.26 0125.06 270.2864 +78.7221 000.0000 +00.0000 000063 5.73
151.0000 0767.36 0121.30 270.3006 +78.8035 000.0000 +00.0000 000027 6.65
-------------------------------------------------------
FF_CA0001_20180521_043028_312_0279040.fits
Uncalibrated
CA0001 01.0 0007 0025.00 000.0 000.0  00.0 009.1 0410.0 0324.6
108.0000 1092.39 0431.95 335.1038 +62.9130 000.0000 +00.0000 000171 4.65
109.0000 1085.69 0439.62 336.3036 +63.1545 000.0000 +00.0000 000123 5.01
110.0000 1081.96 0445.85 337.1148 +63.2376 000.0000 +00.0000 001175 2.56
111.0000 1076.41 0453.02 338.0890 +63.3890 000.0000 +00.0000 000298 4.05
112.0000 1070.75 0461.05 339.1026 +63.5116 000.0000 +00.0000 000187 4.55
113.0000 1065.10 0469.95 340.3345 +63.6203 000.0000 +00.0000 000527 3.43
114.0000 1060.32 0476.40 341.2793 +63.7258 000.0000 +00.0000 000870 2.88
-------------------------------------------------------
FF_CA0001_20180521_052228_894_0354560.fits
Uncalibrated
CA0001 01.0 0027 0025.00 000.0 000.0  00.0 006.6 0003.0 0027.6
0.0000 0453.82 0006.21 212.7558 +75.0806 000.0000 +00.0000 001604 2.22
1.0000 0456.17 0011.40 212.7397 +75.3832 000.0000 +00.0000 001699 2.16
2.0000 0458.93 0017.04 212.7544 +75.7170 000.0000 +00.0000 003349 1.42
3.0000 0461.64 0022.92 212.7096 +76.0661 000.0000 +00.0000 003649 1.33
4.0000 0464.43 0028.89 212.7156 +76.4114 000.0000 +00.0000 004303 1.15
5.0000 0467.98 0034.77 212.7495 +76.7928 000.0000 +00.0000 005030 0.98
6.0000 0470.73 0040.07 212.7356 +77.1164 000.0000 +00.0000 005493 0.88
7.0000 0473.66 0045.58 212.7559 +77.4513 000.0000 +00.0000 005734 0.84
8.0000 0476.69 0051.25 212.7869 +77.7936 000.0000 +00.0000 005745 0.83
9.0000 0479.56 0057.22 212.7693 +78.1424 000.0000 +00.0000 006317 0.73
10.0000 0482.44 0063.27 212.6681 +78.5055 000.0000 +00.0000 006789 0.65
11.0000 0486.01 0068.41 212.8700 +78.8354 000.0000 +00.0000 005901 0.80
12.0000 0488.66 0074.28 212.7655 +79.1780 000.0000 +00.0000 006720 0.66
13.0000 0491.55 0080.05 212.7591 +79.5161 000.0000 +00.0000 006734 0.66
14.0000 0494.65 0086.17 212.8174 +79.8674 000.0000 +00.0000 007023 0.62
15.0000 0497.70 0092.93 212.7198 +80.2535 000.0000 +00.0000 007253 0.58
16.0000 0501.55 0098.95 212.8705 +80.6310 000.0000 +00.0000 006819 0.65
17.0000 0504.27 0105.21 212.7336 +80.9857 000.0000 +00.0000 007444 0.55
18.0000 0507.61 0111.41 212.7366 +81.3554 000.0000 +00.0000 007413 0.56
19.0000 0511.09 0117.19 212.8098 +81.7129 000.0000 +00.0000 007496 0.55
20.0000 0513.80 0123.17 212.7281 +82.0478 000.0000 +00.0000 007387 0.56
21.0000 0517.00 0129.38 212.6390 +82.4163 000.0000 +00.0000 007938 0.48
22.0000 0520.20 0134.88 212.7006 +82.7485 000.0000 +00.0000 005693 0.84
23.0000 0523.28 0140.49 212.7456 +83.0784 000.0000 +00.0000 006327 0.73
24.0000 0526.51 0146.02 212.7743 +83.4156 000.0000 +00.0000 002848 1.60
25.0000 0528.81 0151.64 212.5716 +83.7208 000.0000 +00.0000 003382 1.41
26.0000 0532.04 0157.53 212.6774 +84.0602 000.0000 +00.0000 000743 3.05
-------------------------------------------------------
FF_CA0001_20180521_060718_620_0420608.fits
Uncalibrated
CA0001 01.0 0008 0025.00 000.0 000.0  00.0 011.7 0205.3 0296.6
110.0000 0806.05 0506.76 029.6739 +73.5898 000.0000 +00.0000 000068 5.65
111.0000 0795.85 0511.73 031.5722 +73.7378 000.0000 +00.0000 000803 2.97
113.0000 0774.88 0521.97 035.6555 +73.9860 000.0000 +00.0000 000348 3.88
114.0000 0764.86 0527.17 037.6233 +74.0605 000.0000 +00.0000 002326 1.82
115.0000 0753.85 0532.94 039.7890 +74.1168 000.0000 +00.0000 001987 1.99
116.0000 0742.19 0538.45 042.1154 +74.1789 000.0000 +00.0000 002227 1.86
117.0000 0731.61 0543.67 044.3352 +74.2028 000.0000 +00.0000 001162 2.57
118.0000 0722.62 0548.65 046.2802 +74.1793 000.0000 +00.0000 001226 2.51
-------------------------------------------------------
FF_CA0001_20180521_070957_191_0513280.fits
Uncalibrated
CA0001 01.0 0010 0025.00 000.0 000.0  00.0 020.3 0505.5 0149.2
82.0000 0236.34 0051.25 211.4856 +68.3533 000.0000 +00.0000 000758 3.03
83.0000 0224.82 0070.49 208.4076 +68.3973 000.0000 +00.0000 001067 2.66
84.0000 0213.36 0089.12 205.2993 +68.3556 000.0000 +00.0000 001544 2.26
85.0000 0202.10 0107.21 202.4387 +68.2450 000.0000 +00.0000 002079 1.94
86.0000 0191.49 0124.08 199.4170 +68.0576 000.0000 +00.0000 000825 2.94
87.0000 0182.49 0138.90 197.2330 +67.8882 000.0000 +00.0000 002037 1.96
88.0000 0172.14 0157.37 194.4555 +67.6604 000.0000 +00.0000 002700 1.65
89.0000 0162.39 0174.40 191.8705 +67.3771 000.0000 +00.0000 003654 1.33
90.0000 0152.91 0190.91 189.5277 +67.0659 000.0000 +00.0000 001775 2.11
91.0000 0143.86 0208.98 187.0571 +66.7515 000.0000 +00.0000 000169 4.66
-------------------------------------------------------
FF_CA0001_20180521_081309_299_0607488.fits
Uncalibrated
CA0001 01.0 0026 0025.00 000.0 000.0  00.0 002.5 0454.8 0124.8
38.0000 0300.81 0039.17 230.9129 +71.1597 000.0000 +00.0000 000750 3.04
39.0000 0302.74 0040.75 230.8938 +71.2774 000.0000 +00.0000 000925 2.82
40.0000 0303.25 0039.80 231.0579 +71.2388 000.0000 +00.0000 001005 2.73
41.0000 0302.69 0038.97 231.1107 +71.2093 000.0000 +00.0000 000971 2.76
42.0000 0303.22 0036.89 231.4194 +71.1842 000.0000 +00.0000 001234 2.50
43.0000 0303.65 0038.74 231.2317 +71.3072 000.0000 +00.0000 000902 2.84
44.0000 0302.62 0035.06 231.5933 +71.1588 000.0000 +00.0000 000993 2.74
45.0000 0305.98 0037.71 231.5796 +71.3676 000.0000 +00.0000 000581 3.32
46.0000 0304.87 0035.81 231.7112 +71.2614 000.0000 +00.0000 001214 2.52
48.0000 0302.72 0027.50 232.5786 +71.3732 000.0000 +00.0000 008993 0.35
49.0000 0323.27 0017.85 235.7711 +71.6491 000.0000 +00.0000 006751 0.66
50.0000 0328.28 0017.76 236.2584 +71.6758 000.0000 +00.0000 001201 2.53
51.0000 0328.89 0017.08 236.3907 +71.6345 000.0000 +00.0000 001290 2.46
52.0000 0331.28 0016.38 236.7391 +71.7337 000.0000 +00.0000 007440 0.55
53.0000 0335.66 0014.44 237.4338 +71.8138 000.0000 +00.0000 006901 0.64
54.0000 0338.60 0012.46 237.9614 +71.7893 000.0000 +00.0000 002341 1.81
55.0000 0339.37 0011.52 238.1682 +71.8132 000.0000 +00.0000 004327 1.14
56.0000 0342.18 0009.34 238.7394 +71.8555 000.0000 +00.0000 006698 0.67
57.0000 0344.72 0006.68 239.3397 +71.8716 000.0000 +00.0000 006290 0.74
58.0000 0349.02 0005.06 239.9997 +71.9387 000.0000 +00.0000 006972 0.62
59.0000 0351.63 0004.01 240.4112 +71.9774 000.0000 +00.0000 002417 1.77
60.0000 0352.09 0001.91 240.6682 +71.8592 000.0000 +00.0000 001358 2.40
61.0000 0353.25 0003.10 240.6585 +71.9247 000.0000 +00.0000 000502 3.48
62.0000 0354.18 0002.52 240.8232 +71.9216 000.0000 +00.0000 001597 2.22
63.0000 0355.40 0002.16 240.9880 +71.9199 000.0000 +00.0000 001119 2.61
64.0000 0355.92 0002.59 240.9831 +71.9251 000.0000 +00.0000 001027 2.70
