Meteor Count = 000006
-----------------------------------------------------
Processed with RMS 20180719_121256 b9f363f5ec6a4cbf282be7a297785ef0d6f8bb7d on 2018-07-19 10:39:44.143331 UTC
-----------------------------------------------------
FF  folder = ../Observations/0521/CA0001_20180521_012018_461559/raw/
CAL folder = ../Observations/0521/CA0001_20180521_012018_461559/raw/
-----------------------------------------------------
FF  file processed
CAL file processed
Cam# Meteor# #Segments fps hnr mle bin Pix/fm Rho Phi
Per segment:  Frame# Col Row RA Dec Azim Elev Inten Mag
-------------------------------------------------------
FF_CA0001_20180521_035511_108_0227584.fits
Uncalibrated
CA0001 01.0 0010 0025.00 000.0 000.0  00.0 009.1 0006.7 0333.4
142.0000 0804.54 0047.86 262.6293 +74.4173 000.0000 +00.0000 000103 5.20
143.0000 0799.05 0057.29 263.1764 +74.9469 000.0000 +00.0000 000386 3.77
144.0000 0793.49 0068.60 264.0110 +75.5347 000.0000 +00.0000 001535 2.27
145.0000 0787.69 0079.16 264.9072 +76.1895 000.0000 +00.0000 001857 2.06
146.0000 0783.54 0087.89 265.7537 +76.6746 000.0000 +00.0000 001395 2.37
147.0000 0778.66 0097.35 266.6388 +77.1866 000.0000 +00.0000 000641 3.22
148.0000 0775.90 0104.04 267.8083 +77.7165 000.0000 +00.0000 001132 2.60
149.0000 0773.46 0111.00 268.1446 +77.7688 000.0000 +00.0000 000078 5.50
150.0000 0766.51 0124.56 270.2864 +78.7221 000.0000 +00.0000 000063 5.73
151.0000 0767.41 0121.19 270.3006 +78.8035 000.0000 +00.0000 000027 6.65
-------------------------------------------------------
FF_CA0001_20180521_043028_312_0279040.fits
Uncalibrated
CA0001 01.0 0007 0025.00 000.0 000.0  00.0 009.2 0410.0 0324.6
108.0000 1094.13 0429.50 335.1038 +62.9130 000.0000 +00.0000 000171 4.65
109.0000 1087.15 0437.57 336.3036 +63.1545 000.0000 +00.0000 000123 5.01
110.0000 1083.41 0443.82 337.1148 +63.2376 000.0000 +00.0000 001175 2.56
111.0000 1077.87 0450.95 338.0890 +63.3890 000.0000 +00.0000 000298 4.05
112.0000 1072.39 0458.75 339.1026 +63.5116 000.0000 +00.0000 000187 4.55
113.0000 1066.63 0467.79 340.3345 +63.6203 000.0000 +00.0000 000527 3.43
114.0000 1061.74 0474.40 341.2793 +63.7258 000.0000 +00.0000 000870 2.88
-------------------------------------------------------
FF_CA0001_20180521_052228_894_0354560.fits
Uncalibrated
CA0001 01.0 0027 0025.00 000.0 000.0  00.0 006.5 0003.0 0027.6
0.0000 0453.83 0006.20 212.7558 +75.0806 000.0000 +00.0000 001604 2.22
1.0000 0456.19 0011.37 212.7397 +75.3832 000.0000 +00.0000 001699 2.16
2.0000 0458.95 0016.99 212.7544 +75.7170 000.0000 +00.0000 003349 1.42
3.0000 0461.68 0022.85 212.7096 +76.0661 000.0000 +00.0000 003649 1.33
4.0000 0464.49 0028.79 212.7156 +76.4114 000.0000 +00.0000 004303 1.15
5.0000 0468.04 0034.66 212.7495 +76.7928 000.0000 +00.0000 005030 0.98
6.0000 0470.80 0039.93 212.7356 +77.1164 000.0000 +00.0000 005493 0.88
7.0000 0473.74 0045.43 212.7559 +77.4513 000.0000 +00.0000 005734 0.84
8.0000 0476.79 0051.07 212.7869 +77.7936 000.0000 +00.0000 005745 0.83
9.0000 0479.66 0057.02 212.7693 +78.1424 000.0000 +00.0000 006317 0.73
10.0000 0482.55 0063.06 212.6681 +78.5055 000.0000 +00.0000 006789 0.65
11.0000 0486.13 0068.17 212.8700 +78.8354 000.0000 +00.0000 005901 0.80
12.0000 0488.79 0074.03 212.7655 +79.1780 000.0000 +00.0000 006720 0.66
13.0000 0491.69 0079.77 212.7591 +79.5161 000.0000 +00.0000 006734 0.66
14.0000 0494.82 0085.86 212.8174 +79.8674 000.0000 +00.0000 007023 0.62
15.0000 0497.88 0092.58 212.7198 +80.2535 000.0000 +00.0000 007253 0.58
16.0000 0501.74 0098.58 212.8705 +80.6310 000.0000 +00.0000 006819 0.65
17.0000 0504.47 0104.81 212.7336 +80.9857 000.0000 +00.0000 007444 0.55
18.0000 0507.82 0111.00 212.7366 +81.3554 000.0000 +00.0000 007413 0.56
19.0000 0511.31 0116.77 212.8098 +81.7129 000.0000 +00.0000 007496 0.55
20.0000 0514.03 0122.72 212.7281 +82.0478 000.0000 +00.0000 007387 0.56
21.0000 0517.24 0128.92 212.6390 +82.4163 000.0000 +00.0000 007938 0.48
22.0000 0520.45 0134.41 212.7006 +82.7485 000.0000 +00.0000 005693 0.84
23.0000 0523.53 0140.00 212.7456 +83.0784 000.0000 +00.0000 006327 0.73
24.0000 0526.77 0145.54 212.7743 +83.4156 000.0000 +00.0000 002848 1.60
25.0000 0529.08 0151.12 212.5716 +83.7208 000.0000 +00.0000 003382 1.41
26.0000 0532.33 0156.97 212.6774 +84.0602 000.0000 +00.0000 000743 3.05
-------------------------------------------------------
FF_CA0001_20180521_060718_620_0420608.fits
Uncalibrated
CA0001 01.0 0008 0025.00 000.0 000.0  00.0 011.7 0205.3 0296.6
110.0000 0809.12 0505.23 029.6739 +73.5898 000.0000 +00.0000 000068 5.65
111.0000 0799.02 0510.14 031.5722 +73.7378 000.0000 +00.0000 000803 2.97
113.0000 0778.06 0520.38 035.6555 +73.9860 000.0000 +00.0000 000348 3.88
114.0000 0768.18 0525.51 037.6233 +74.0605 000.0000 +00.0000 002326 1.82
115.0000 0757.40 0531.17 039.7890 +74.1168 000.0000 +00.0000 001987 1.99
116.0000 0745.77 0536.66 042.1154 +74.1789 000.0000 +00.0000 002227 1.86
117.0000 0735.00 0541.98 044.3352 +74.2028 000.0000 +00.0000 001162 2.57
118.0000 0725.81 0547.06 046.2802 +74.1793 000.0000 +00.0000 001226 2.51
-------------------------------------------------------
FF_CA0001_20180521_070957_191_0513280.fits
Uncalibrated
CA0001 01.0 0010 0025.00 000.0 000.0  00.0 020.1 0505.5 0149.2
82.0000 0236.67 0050.68 211.4856 +68.3533 000.0000 +00.0000 000758 3.03
83.0000 0225.29 0069.70 208.4076 +68.3973 000.0000 +00.0000 001067 2.66
84.0000 0213.94 0088.15 205.2993 +68.3556 000.0000 +00.0000 001544 2.26
85.0000 0202.81 0106.01 202.4387 +68.2450 000.0000 +00.0000 002079 1.94
86.0000 0192.21 0122.86 199.4170 +68.0576 000.0000 +00.0000 000825 2.94
87.0000 0183.34 0137.46 197.2330 +67.8882 000.0000 +00.0000 002037 1.96
88.0000 0173.11 0155.74 194.4555 +67.6604 000.0000 +00.0000 002700 1.65
89.0000 0163.43 0172.65 191.8705 +67.3771 000.0000 +00.0000 003654 1.33
90.0000 0154.06 0188.97 189.5277 +67.0659 000.0000 +00.0000 001775 2.11
91.0000 0145.13 0206.83 187.0571 +66.7515 000.0000 +00.0000 000169 4.66
-------------------------------------------------------
FF_CA0001_20180521_081309_299_0607488.fits
Uncalibrated
CA0001 01.0 0026 0025.00 000.0 000.0  00.0 002.5 0454.8 0124.8
38.0000 0300.85 0039.20 230.9129 +71.1597 000.0000 +00.0000 000750 3.04
39.0000 0302.77 0040.77 230.8938 +71.2774 000.0000 +00.0000 000925 2.82
40.0000 0303.28 0039.82 231.0579 +71.2388 000.0000 +00.0000 001005 2.73
41.0000 0302.72 0038.99 231.1107 +71.2093 000.0000 +00.0000 000971 2.76
42.0000 0303.26 0036.92 231.4194 +71.1842 000.0000 +00.0000 001234 2.50
43.0000 0303.70 0038.78 231.2317 +71.3072 000.0000 +00.0000 000902 2.84
44.0000 0302.67 0035.10 231.5933 +71.1588 000.0000 +00.0000 000993 2.74
45.0000 0306.02 0037.74 231.5796 +71.3676 000.0000 +00.0000 000581 3.32
46.0000 0304.92 0035.84 231.7112 +71.2614 000.0000 +00.0000 001214 2.52
48.0000 0302.88 0027.62 232.5786 +71.3732 000.0000 +00.0000 008993 0.35
49.0000 0323.33 0017.89 235.7711 +71.6491 000.0000 +00.0000 006751 0.66
50.0000 0328.31 0017.79 236.2584 +71.6758 000.0000 +00.0000 001201 2.53
51.0000 0328.92 0017.10 236.3907 +71.6345 000.0000 +00.0000 001290 2.46
52.0000 0331.32 0016.41 236.7391 +71.7337 000.0000 +00.0000 007440 0.55
53.0000 0335.68 0014.46 237.4338 +71.8138 000.0000 +00.0000 006901 0.64
54.0000 0338.62 0012.47 237.9614 +71.7893 000.0000 +00.0000 002341 1.81
55.0000 0339.38 0011.53 238.1682 +71.8132 000.0000 +00.0000 004327 1.14
56.0000 0342.19 0009.35 238.7394 +71.8555 000.0000 +00.0000 006698 0.67
57.0000 0344.73 0006.69 239.3397 +71.8716 000.0000 +00.0000 006290 0.74
58.0000 0349.03 0005.07 239.9997 +71.9387 000.0000 +00.0000 006972 0.62
59.0000 0351.64 0004.01 240.4112 +71.9774 000.0000 +00.0000 002417 1.77
60.0000 0352.09 0001.91 240.6682 +71.8592 000.0000 +00.0000 001358 2.40
61.0000 0353.26 0003.10 240.6585 +71.9247 000.0000 +00.0000 000502 3.48
62.0000 0354.18 0002.52 240.8232 +71.9216 000.0000 +00.0000 001597 2.22
63.0000 0355.40 0002.16 240.9880 +71.9199 000.0000 +00.0000 001119 2.61
64.0000 0355.92 0002.59 240.9831 +71.9251 000.0000 +00.0000 001027 2.70
