Meteor Count = 000006
-----------------------------------------------------
Processed with RMS 20180715_011426 d7badbeee56ce559f7f25d13723b33c51ed65718 on 2018-07-19 18:58:51.647704 UTC
-----------------------------------------------------
FF  folder = /home/patrik/Dropbox/Workspace/RollingShutterSim/Observations/0521/CA0001_20180521_012018_461559
CAL folder = /home/patrik/Dropbox/Workspace/RollingShutterSim/Observations/0521/CA0001_20180521_012018_461559
-----------------------------------------------------
FF  file processed
CAL file processed
Cam# Meteor# #Segments fps hnr mle bin Pix/fm Rho Phi
Per segment:  Frame# Col Row RA Dec Azim Elev Inten Mag
-------------------------------------------------------
FF_CA0001_20180521_035511_108_0227584.fits
Calibrated with RMS on: 2018-07-19 18:58:51.339162 UTC
CA0001 01.0 0010 0025.00 000.0 000.0  00.0 009.1 0006.7 0333.4
142.0000 0804.54 0047.86 263.2677 +74.9017 000.0000 +00.0000 000103 5.20
143.0000 0799.05 0057.29 263.8915 +75.4546 000.0000 +00.0000 000386 3.77
144.0000 0793.49 0068.60 264.8404 +76.0741 000.0000 +00.0000 001535 2.27
145.0000 0787.69 0079.16 265.7120 +76.6691 000.0000 +00.0000 001857 2.06
146.0000 0783.54 0087.89 266.5816 +77.1321 000.0000 +00.0000 001395 2.37
147.0000 0778.66 0097.35 267.5349 +77.6432 000.0000 +00.0000 000641 3.22
148.0000 0775.90 0104.04 268.3577 +77.9745 000.0000 +00.0000 001132 2.60
149.0000 0773.46 0111.00 269.3247 +78.2988 000.0000 +00.0000 000078 5.50
150.0000 0766.51 0124.56 271.0240 +79.0063 000.0000 +00.0000 000063 5.73
151.0000 0767.41 0121.19 270.4561 +78.8646 000.0000 +00.0000 000027 6.65
-------------------------------------------------------
FF_CA0001_20180521_043028_312_0279040.fits
Calibrated with RMS on: 2018-07-19 18:58:51.339162 UTC
CA0001 01.0 0007 0025.00 000.0 000.0  00.0 009.2 0410.0 0324.6
108.0000 1094.13 0429.50 335.6005 +62.9908 000.0000 +00.0000 000171 4.65
109.0000 1087.15 0437.57 336.7038 +63.2120 000.0000 +00.0000 000123 5.01
110.0000 1083.41 0443.82 337.5002 +63.2899 000.0000 +00.0000 001175 2.56
111.0000 1077.87 0450.95 338.4673 +63.4370 000.0000 +00.0000 000298 4.05
112.0000 1072.39 0458.75 339.5091 +63.5589 000.0000 +00.0000 000187 4.55
113.0000 1066.63 0467.79 340.6980 +63.6586 000.0000 +00.0000 000527 3.43
114.0000 1061.74 0474.40 341.6044 +63.7573 000.0000 +00.0000 000870 2.88
-------------------------------------------------------
FF_CA0001_20180521_052228_894_0354560.fits
Calibrated with RMS on: 2018-07-19 18:58:51.339162 UTC
CA0001 01.0 0027 0025.00 000.0 000.0  00.0 006.5 0003.0 0027.6
0.0000 0453.83 0006.20 211.8805 +75.2503 000.0000 +00.0000 001604 2.22
1.0000 0456.19 0011.37 211.8063 +75.5599 000.0000 +00.0000 001699 2.16
2.0000 0458.95 0016.99 211.7568 +75.9006 000.0000 +00.0000 003349 1.42
3.0000 0461.68 0022.85 211.6754 +76.2509 000.0000 +00.0000 003649 1.33
4.0000 0464.49 0028.79 211.5965 +76.6059 000.0000 +00.0000 004303 1.15
5.0000 0468.04 0034.66 211.6635 +76.9758 000.0000 +00.0000 005030 0.98
6.0000 0470.80 0039.93 211.6421 +77.2958 000.0000 +00.0000 005493 0.88
7.0000 0473.74 0045.43 211.6305 +77.6304 000.0000 +00.0000 005734 0.84
8.0000 0476.79 0051.07 211.6251 +77.9734 000.0000 +00.0000 005745 0.83
9.0000 0479.66 0057.02 211.5441 +78.3253 000.0000 +00.0000 006317 0.73
10.0000 0482.55 0063.06 211.4515 +78.6808 000.0000 +00.0000 006789 0.65
11.0000 0486.13 0068.17 211.6266 +79.0099 000.0000 +00.0000 005901 0.80
12.0000 0488.79 0074.03 211.4995 +79.3492 000.0000 +00.0000 006720 0.66
13.0000 0491.69 0079.77 211.4382 +79.6883 000.0000 +00.0000 006734 0.66
14.0000 0494.82 0085.86 211.3816 +80.0483 000.0000 +00.0000 007023 0.62
15.0000 0497.88 0092.58 211.2114 +80.4344 000.0000 +00.0000 007253 0.58
16.0000 0501.74 0098.58 211.3522 +80.8069 000.0000 +00.0000 006819 0.65
17.0000 0504.47 0104.81 211.1497 +81.1600 000.0000 +00.0000 007444 0.55
18.0000 0507.82 0111.00 211.1183 +81.5262 000.0000 +00.0000 007413 0.56
19.0000 0511.31 0116.77 211.1985 +81.8760 000.0000 +00.0000 007496 0.55
20.0000 0514.03 0122.72 211.0076 +82.2135 000.0000 +00.0000 007387 0.56
21.0000 0517.24 0128.92 210.9153 +82.5738 000.0000 +00.0000 007938 0.48
22.0000 0520.45 0134.41 210.9535 +82.9014 000.0000 +00.0000 005693 0.84
23.0000 0523.53 0140.00 210.9269 +83.2295 000.0000 +00.0000 006327 0.73
24.0000 0526.77 0145.54 210.9695 +83.5587 000.0000 +00.0000 002848 1.60
25.0000 0529.08 0151.12 210.6322 +83.8653 000.0000 +00.0000 003382 1.41
26.0000 0532.33 0156.97 210.5910 +84.2072 000.0000 +00.0000 000743 3.05
-------------------------------------------------------
FF_CA0001_20180521_060718_620_0420608.fits
Calibrated with RMS on: 2018-07-19 18:58:51.339162 UTC
CA0001 01.0 0008 0025.00 000.0 000.0  00.0 011.7 0205.3 0296.6
110.0000 0809.12 0505.23 030.2381 +73.6338 000.0000 +00.0000 000068 5.65
111.0000 0799.02 0510.14 032.1473 +73.7767 000.0000 +00.0000 000803 2.97
113.0000 0778.06 0520.38 036.2076 +74.0113 000.0000 +00.0000 000348 3.88
114.0000 0768.18 0525.51 038.1870 +74.0803 000.0000 +00.0000 002326 1.82
115.0000 0757.40 0531.17 040.3687 +74.1309 000.0000 +00.0000 001987 1.99
116.0000 0745.77 0536.66 042.6803 +74.1865 000.0000 +00.0000 002227 1.86
117.0000 0735.00 0541.98 044.8513 +74.2040 000.0000 +00.0000 001162 2.57
118.0000 0725.81 0547.06 046.7469 +74.1760 000.0000 +00.0000 001226 2.51
-------------------------------------------------------
FF_CA0001_20180521_070957_191_0513280.fits
Calibrated with RMS on: 2018-07-19 18:58:51.339162 UTC
CA0001 01.0 0010 0025.00 000.0 000.0  00.0 020.1 0505.5 0149.2
82.0000 0236.67 0050.68 208.6241 +68.4020 000.0000 +00.0000 000758 3.03
83.0000 0225.29 0069.70 205.6114 +68.3820 000.0000 +00.0000 001067 2.66
84.0000 0213.94 0088.15 202.6895 +68.2822 000.0000 +00.0000 001544 2.26
85.0000 0202.81 0106.01 199.8897 +68.1179 000.0000 +00.0000 002079 1.94
86.0000 0192.21 0122.86 197.2901 +67.9041 000.0000 +00.0000 000825 2.94
87.0000 0183.34 0137.46 195.0939 +67.6949 000.0000 +00.0000 002037 1.96
88.0000 0173.11 0155.74 192.4326 +67.4301 000.0000 +00.0000 002700 1.65
89.0000 0163.43 0172.65 190.0265 +67.1245 000.0000 +00.0000 003654 1.33
90.0000 0154.06 0188.97 187.7682 +66.7848 000.0000 +00.0000 001775 2.11
91.0000 0145.13 0206.83 185.3903 +66.4423 000.0000 +00.0000 000169 4.66
-------------------------------------------------------
FF_CA0001_20180521_081309_299_0607488.fits
Calibrated with RMS on: 2018-07-19 18:58:51.339162 UTC
CA0001 01.0 0026 0025.00 000.0 000.0  00.0 002.5 0454.8 0124.8
38.0000 0300.85 0039.20 230.9086 +71.0484 000.0000 +00.0000 000750 3.04
39.0000 0302.77 0040.77 230.8904 +71.1885 000.0000 +00.0000 000925 2.82
40.0000 0303.28 0039.82 231.0557 +71.1782 000.0000 +00.0000 001005 2.73
41.0000 0302.72 0038.99 231.1069 +71.1244 000.0000 +00.0000 000971 2.76
42.0000 0303.26 0036.92 231.4122 +71.0758 000.0000 +00.0000 001234 2.50
43.0000 0303.70 0038.78 231.2239 +71.1606 000.0000 +00.0000 000902 2.84
44.0000 0302.67 0035.10 231.5807 +70.9856 000.0000 +00.0000 000993 2.74
45.0000 0306.02 0037.74 231.5693 +71.2267 000.0000 +00.0000 000581 3.32
46.0000 0304.92 0035.84 231.7001 +71.1111 000.0000 +00.0000 001214 2.52
48.0000 0302.88 0027.62 232.5019 +70.7277 000.0000 +00.0000 008993 0.35
49.0000 0323.33 0017.89 235.6543 +71.2388 000.0000 +00.0000 006751 0.66
50.0000 0328.31 0017.79 236.1839 +71.4410 000.0000 +00.0000 001201 2.53
51.0000 0328.92 0017.10 236.3284 +71.4394 000.0000 +00.0000 001290 2.46
52.0000 0331.32 0016.41 236.6627 +71.5109 000.0000 +00.0000 007440 0.55
53.0000 0335.68 0014.46 237.3565 +71.6114 000.0000 +00.0000 006901 0.64
54.0000 0338.62 0012.47 237.9055 +71.6506 000.0000 +00.0000 002341 1.81
55.0000 0339.38 0011.53 238.0963 +71.6435 000.0000 +00.0000 004327 1.14
56.0000 0342.19 0009.35 238.6547 +71.6674 000.0000 +00.0000 006698 0.67
57.0000 0344.73 0006.69 239.2374 +71.6593 000.0000 +00.0000 006290 0.74
58.0000 0349.03 0005.07 239.9061 +71.7597 000.0000 +00.0000 006972 0.62
59.0000 0351.64 0004.01 240.3239 +71.8162 000.0000 +00.0000 002417 1.77
60.0000 0352.09 0001.91 240.6059 +71.7462 000.0000 +00.0000 001358 2.40
61.0000 0353.26 0003.10 240.6122 +71.8402 000.0000 +00.0000 000502 3.48
62.0000 0354.18 0002.52 240.7832 +71.8509 000.0000 +00.0000 001597 2.22
63.0000 0355.40 0002.16 240.9657 +71.8820 000.0000 +00.0000 001119 2.61
64.0000 0355.92 0002.59 240.9802 +71.9196 000.0000 +00.0000 001027 2.70
