Meteor Count = 000033
-----------------------------------------------------
Processed with RMS 20180519_180215 20fb4263d8bcc23972b50bdde6da74532fdf3972 on 2018-05-27 17:18:45.687029 UTC
-----------------------------------------------------
FF  folder = /home/pi/RMS_data/ArchivedFiles/CA0001_20180521_012018_461559
CAL folder = /home/pi/RMS_data/ArchivedFiles/CA0001_20180521_012018_461559
-----------------------------------------------------
FF  file processed
CAL file processed
Cam# Meteor# #Segments fps hnr mle bin Pix/fm Rho Phi
Per segment:  Frame# Col Row RA Dec Azim Elev Inten Mag
-------------------------------------------------------
FF_CA0001_20180521_021400_572_0078336.fits
Calibrated with RMS on: 2018-05-27 17:18:45.573574 UTC
CA0001 01.0 0007 0025.00 000.0 000.0  00.0 008.0 0174.9 0149.3
105.0000 0651.43 0000.24 205.7801 +76.5628 000.0000 +00.0000 000118 5.05
106.0000 0647.28 0005.62 205.1898 +76.8874 000.0000 +00.0000 001136 2.59
107.0000 0642.53 0013.34 204.5569 +77.3372 000.0000 +00.0000 001470 2.31
108.0000 0637.64 0021.30 203.8567 +77.7974 000.0000 +00.0000 000239 4.29
109.0000 0633.65 0028.13 203.2609 +78.1875 000.0000 +00.0000 000534 3.41
110.0000 0627.98 0037.51 202.3270 +78.7207 000.0000 +00.0000 000123 5.01
111.0000 0626.22 0041.30 202.0595 +78.9305 000.0000 +00.0000 000076 5.53
-------------------------------------------------------
FF_CA0001_20180521_022120_236_0089344.fits
Calibrated with RMS on: 2018-05-27 17:18:45.573574 UTC
CA0001 01.0 0009 0025.00 000.0 000.0  00.0 007.8 0183.8 0039.2
247.0000 0814.39 0283.87 291.6023 +78.8441 000.0000 +00.0000 000298 4.05
248.0000 0810.37 0277.87 290.1821 +79.0723 000.0000 +00.0000 000177 4.61
249.0000 0806.28 0272.96 288.9929 +79.2933 000.0000 +00.0000 000218 4.39
250.0000 0800.41 0265.99 287.2196 +79.6018 000.0000 +00.0000 000398 3.73
251.0000 0795.10 0259.17 285.3783 +79.8716 000.0000 +00.0000 000786 2.99
252.0000 0790.22 0253.23 283.6929 +80.1103 000.0000 +00.0000 001023 2.71
253.0000 0785.52 0247.33 281.9389 +80.3310 000.0000 +00.0000 001231 2.51
254.0000 0779.48 0241.06 279.9625 +80.6067 000.0000 +00.0000 000327 3.95
255.0000 0775.40 0235.40 278.1226 +80.7778 000.0000 +00.0000 001029 2.70
-------------------------------------------------------
FF_CA0001_20180521_022130_437_0089600.fits
Calibrated with RMS on: 2018-05-27 17:18:45.573574 UTC
CA0001 01.0 0011 0025.00 000.0 000.0  00.0 008.7 0183.9 0040.4
0.0000 0769.73 0229.18 275.9676 +81.0124 000.0000 +00.0000 000538 3.41
1.0000 0764.60 0223.03 273.7532 +81.2080 000.0000 +00.0000 001781 2.11
2.0000 0759.23 0216.24 271.2153 +81.3938 000.0000 +00.0000 001615 2.21
3.0000 0753.20 0209.84 268.6356 +81.5988 000.0000 +00.0000 000890 2.86
4.0000 0747.70 0202.52 265.6850 +81.7459 000.0000 +00.0000 001128 2.60
5.0000 0741.75 0195.42 262.6461 +81.8951 000.0000 +00.0000 001443 2.33
6.0000 0736.38 0189.68 260.0276 +82.0236 000.0000 +00.0000 001348 2.41
7.0000 0730.10 0182.07 256.5712 +82.1306 000.0000 +00.0000 001308 2.44
8.0000 0723.87 0173.76 252.8173 +82.1872 000.0000 +00.0000 000258 4.20
9.0000 0716.76 0167.00 249.3023 +82.2908 000.0000 +00.0000 000720 3.09
10.0000 0713.73 0162.97 247.4325 +82.2908 000.0000 +00.0000 000118 5.05
-------------------------------------------------------
FF_CA0001_20180521_031332_968_0166400.fits
Calibrated with RMS on: 2018-05-27 17:18:45.573574 UTC
CA0001 01.0 0010 0025.00 000.0 000.0  00.0 003.3 0175.9 -103.4
125.0000 0700.00 0555.00 008.0661 +74.3052 000.0000 +00.0000 000029 6.58
126.0000 0701.00 0555.00 007.8954 +74.2878 000.0000 +00.0000 000035 6.37
128.0000 0708.25 0557.09 006.8061 +74.0589 000.0000 +00.0000 000769 3.02
129.0000 0712.03 0558.15 006.2483 +73.9385 000.0000 +00.0000 000274 4.14
131.0000 0719.35 0560.20 005.1910 +73.7012 000.0000 +00.0000 000808 2.96
132.0000 0723.04 0560.42 004.6129 +73.6172 000.0000 +00.0000 000613 3.26
133.0000 0726.68 0561.75 004.1269 +73.4811 000.0000 +00.0000 001343 2.41
134.0000 0730.21 0562.23 003.6053 +73.3853 000.0000 +00.0000 000505 3.47
135.0000 0733.20 0563.21 003.2096 +73.2766 000.0000 +00.0000 000178 4.61
136.0000 0735.00 0563.48 002.9506 +73.2255 000.0000 +00.0000 000064 5.72
-------------------------------------------------------
FF_CA0001_20180521_032004_355_0175872.fits
Calibrated with RMS on: 2018-05-27 17:18:45.573574 UTC
CA0001 01.0 0026 0025.00 000.0 000.0  00.0 002.0 0048.0 -066.2
70.0000 0380.43 0526.54 068.6744 +72.9209 000.0000 +00.0000 000272 4.15
71.0000 0382.14 0526.22 068.4738 +72.9896 000.0000 +00.0000 000238 4.29
72.0000 0384.26 0525.51 068.2552 +73.0870 000.0000 +00.0000 001121 2.61
73.0000 0386.33 0524.16 068.1072 +73.2086 000.0000 +00.0000 000553 3.38
74.0000 0388.59 0523.92 067.8159 +73.2908 000.0000 +00.0000 001290 2.46
75.0000 0390.78 0523.28 067.5731 +73.3867 000.0000 +00.0000 001030 2.70
76.0000 0391.91 0521.79 067.5666 +73.4833 000.0000 +00.0000 001113 2.62
77.0000 0394.39 0520.74 067.3206 +73.6046 000.0000 +00.0000 002198 1.88
78.0000 0397.08 0520.17 066.9910 +73.7124 000.0000 +00.0000 001518 2.28
79.0000 0398.48 0518.63 066.9470 +73.8193 000.0000 +00.0000 001340 2.41
80.0000 0400.63 0517.62 066.7366 +73.9277 000.0000 +00.0000 001728 2.14
81.0000 0402.92 0517.52 066.4080 +74.0025 000.0000 +00.0000 001201 2.53
82.0000 0404.31 0516.25 066.3330 +74.0976 000.0000 +00.0000 001223 2.51
83.0000 0406.51 0515.28 066.1036 +74.2050 000.0000 +00.0000 001815 2.09
84.0000 0409.45 0515.53 065.6315 +74.2838 000.0000 +00.0000 000769 3.02
85.0000 0410.52 0513.60 065.6689 +74.3961 000.0000 +00.0000 001025 2.71
86.0000 0410.72 0512.33 065.7715 +74.4548 000.0000 +00.0000 000393 3.75
87.0000 0413.34 0513.66 065.2279 +74.4782 000.0000 +00.0000 000181 4.59
88.0000 0414.49 0513.49 065.0670 +74.5194 000.0000 +00.0000 000099 5.24
89.0000 0416.26 0511.28 065.0206 +74.6642 000.0000 +00.0000 000803 2.97
90.0000 0417.43 0510.13 064.9569 +74.7468 000.0000 +00.0000 001011 2.72
92.0000 0422.06 0508.72 064.3664 +74.9415 000.0000 +00.0000 000160 4.72
93.0000 0422.36 0507.85 064.4095 +74.9867 000.0000 +00.0000 000198 4.49
95.0000 0426.40 0506.74 063.8690 +75.1500 000.0000 +00.0000 000283 4.10
96.0000 0428.01 0506.05 063.6764 +75.2251 000.0000 +00.0000 000147 4.81
97.0000 0428.49 0504.49 063.7613 +75.3047 000.0000 +00.0000 000131 4.94
-------------------------------------------------------
FF_CA0001_20180521_035511_108_0227584.fits
Calibrated with RMS on: 2018-05-27 17:18:45.573574 UTC
CA0001 01.0 0010 0025.00 000.0 000.0  00.0 010.1 0006.7 0333.4
142.0000 0808.82 0039.18 262.6293 +74.4173 000.0000 +00.0000 000103 5.20
143.0000 0803.57 0048.12 263.1764 +74.9469 000.0000 +00.0000 000386 3.77
144.0000 0798.34 0058.75 264.0110 +75.5347 000.0000 +00.0000 001535 2.27
145.0000 0792.05 0070.31 264.9072 +76.1895 000.0000 +00.0000 001857 2.06
146.0000 0787.74 0079.37 265.7537 +76.6746 000.0000 +00.0000 001395 2.37
147.0000 0782.90 0088.76 266.6388 +77.1866 000.0000 +00.0000 000641 3.22
148.0000 0778.32 0099.13 267.8083 +77.7165 000.0000 +00.0000 001132 2.60
149.0000 0778.46 0100.85 268.1446 +77.7688 000.0000 +00.0000 000078 5.50
150.0000 0769.25 0119.00 270.2864 +78.7221 000.0000 +00.0000 000063 5.73
151.0000 0768.00 0120.00 270.3006 +78.8035 000.0000 +00.0000 000027 6.65
-------------------------------------------------------
FF_CA0001_20180521_040625_364_0243712.fits
Calibrated with RMS on: 2018-05-27 17:18:45.573574 UTC
CA0001 01.0 0006 0025.00 000.0 000.0  00.0 003.0 0233.5 0354.0
197.0000 0839.20 0700.00 012.0405 +64.3694 000.0000 +00.0000 000094 5.30
199.0000 0838.36 0706.41 012.4749 +64.0868 000.0000 +00.0000 000662 3.18
200.0000 0839.00 0709.00 012.5512 +63.9464 000.0000 +00.0000 000030 6.54
201.0000 0837.28 0712.37 012.9004 +63.8296 000.0000 +00.0000 000303 4.03
202.0000 0837.37 0716.04 013.0844 +63.6508 000.0000 +00.0000 000202 4.47
203.0000 0837.35 0718.14 013.1957 +63.5500 000.0000 +00.0000 000419 3.68
-------------------------------------------------------
FF_CA0001_20180521_043028_312_0279040.fits
Calibrated with RMS on: 2018-05-27 17:18:45.573574 UTC
CA0001 01.0 0007 0025.00 000.0 000.0  00.0 009.5 0410.0 0324.6
108.0000 1096.85 0425.67 335.1038 +62.9130 000.0000 +00.0000 000171 4.65
109.0000 1089.31 0434.52 336.3036 +63.1545 000.0000 +00.0000 000123 5.01
110.0000 1085.48 0440.90 337.1148 +63.2376 000.0000 +00.0000 001175 2.56
111.0000 1079.89 0448.11 338.0890 +63.3890 000.0000 +00.0000 000298 4.05
112.0000 1074.54 0455.72 339.1026 +63.5116 000.0000 +00.0000 000187 4.55
113.0000 1068.54 0465.10 340.3345 +63.6203 000.0000 +00.0000 000527 3.43
114.0000 1063.44 0472.01 341.2793 +63.7258 000.0000 +00.0000 000870 2.88
-------------------------------------------------------
FF_CA0001_20180521_051448_059_0343040.fits
Calibrated with RMS on: 2018-05-27 17:18:45.573574 UTC
CA0001 01.0 0007 0025.00 000.0 000.0  00.0 004.4 0338.5 0357.3
123.0000 0974.59 0441.38 353.7472 +68.7129 000.0000 +00.0000 000729 3.08
124.0000 0974.39 0446.30 354.3593 +68.6116 000.0000 +00.0000 000904 2.84
125.0000 0974.38 0449.74 354.7758 +68.5331 000.0000 +00.0000 000087 5.38
126.0000 0974.38 0456.60 355.5962 +68.3720 000.0000 +00.0000 000480 3.53
127.0000 0974.17 0462.35 356.2880 +68.2430 000.0000 +00.0000 000436 3.63
128.0000 0973.44 0465.90 356.7501 +68.1894 000.0000 +00.0000 000355 3.86
129.0000 0976.00 0468.00 356.8280 +68.0189 000.0000 +00.0000 000022 6.88
-------------------------------------------------------
FF_CA0001_20180521_052228_894_0354560.fits
Calibrated with RMS on: 2018-05-27 17:18:45.573574 UTC
CA0001 01.0 0027 0025.00 000.0 000.0  00.0 006.5 0003.0 0027.6
0.0000 0456.36 0001.33 212.7558 +75.0806 000.0000 +00.0000 001604 2.22
1.0000 0458.83 0006.28 212.7397 +75.3832 000.0000 +00.0000 001699 2.16
2.0000 0461.71 0011.68 212.7544 +75.7170 000.0000 +00.0000 003349 1.42
3.0000 0464.47 0017.48 212.7096 +76.0661 000.0000 +00.0000 003649 1.33
4.0000 0467.43 0023.12 212.7156 +76.4114 000.0000 +00.0000 004303 1.15
5.0000 0470.82 0029.31 212.7495 +76.7928 000.0000 +00.0000 005030 0.98
6.0000 0473.53 0034.67 212.7356 +77.1164 000.0000 +00.0000 005493 0.88
7.0000 0476.48 0040.16 212.7559 +77.4513 000.0000 +00.0000 005734 0.84
8.0000 0479.54 0045.77 212.7869 +77.7936 000.0000 +00.0000 005745 0.83
9.0000 0482.48 0051.60 212.7693 +78.1424 000.0000 +00.0000 006317 0.73
10.0000 0485.26 0057.84 212.6681 +78.5055 000.0000 +00.0000 006789 0.65
11.0000 0488.83 0062.98 212.8700 +78.8354 000.0000 +00.0000 005901 0.80
12.0000 0491.45 0068.91 212.7655 +79.1780 000.0000 +00.0000 006720 0.66
13.0000 0494.38 0074.60 212.7591 +79.5161 000.0000 +00.0000 006734 0.66
14.0000 0497.64 0080.42 212.8174 +79.8674 000.0000 +00.0000 007023 0.62
15.0000 0500.73 0087.10 212.7198 +80.2535 000.0000 +00.0000 007253 0.58
16.0000 0504.50 0093.26 212.8705 +80.6310 000.0000 +00.0000 006819 0.65
17.0000 0507.24 0099.49 212.7336 +80.9857 000.0000 +00.0000 007444 0.55
18.0000 0510.53 0105.78 212.7366 +81.3554 000.0000 +00.0000 007413 0.56
19.0000 0513.90 0111.78 212.8098 +81.7129 000.0000 +00.0000 007496 0.55
20.0000 0516.68 0117.62 212.7281 +82.0478 000.0000 +00.0000 007387 0.56
21.0000 0519.77 0124.05 212.6390 +82.4163 000.0000 +00.0000 007938 0.48
22.0000 0522.90 0129.68 212.7006 +82.7485 000.0000 +00.0000 005693 0.84
23.0000 0525.97 0135.31 212.7456 +83.0784 000.0000 +00.0000 006327 0.73
24.0000 0529.07 0141.10 212.7743 +83.4156 000.0000 +00.0000 002848 1.60
25.0000 0531.43 0146.59 212.5716 +83.7208 000.0000 +00.0000 003382 1.41
26.0000 0534.72 0152.36 212.6774 +84.0602 000.0000 +00.0000 000743 3.05
-------------------------------------------------------
FF_CA0001_20180521_052704_718_0360960.fits
Calibrated with RMS on: 2018-05-27 17:18:45.573574 UTC
CA0001 01.0 0008 0025.00 000.0 000.0  00.0 002.9 0367.7 0176.6
96.0000 0255.43 0624.00 105.5216 +64.5288 000.0000 +00.0000 000052 5.94
97.0000 0255.73 0627.28 105.2426 +64.4085 000.0000 +00.0000 000216 4.40
98.0000 0255.23 0628.48 105.1956 +64.3406 000.0000 +00.0000 000111 5.12
99.0000 0255.51 0631.72 104.9248 +64.2202 000.0000 +00.0000 000208 4.44
100.0000 0254.91 0636.38 104.6287 +64.0070 000.0000 +00.0000 001030 2.70
101.0000 0256.30 0639.92 104.2427 +63.9151 000.0000 +00.0000 000365 3.83
102.0000 0255.38 0642.99 104.0994 +63.7532 000.0000 +00.0000 000264 4.18
103.0000 0256.00 0644.00 103.9708 +63.7351 000.0000 +00.0000 000030 6.54
-------------------------------------------------------
FF_CA0001_20180521_054224_167_0383232.fits
Calibrated with RMS on: 2018-05-27 17:18:45.573574 UTC
CA0001 01.0 0009 0025.00 000.0 000.0  00.0 004.8 0215.3 0173.4
24.0000 0453.39 0098.42 204.9537 +79.3430 000.0000 +00.0000 000176 4.62
25.0000 0453.40 0102.67 204.1998 +79.5130 000.0000 +00.0000 000069 5.64
26.0000 0452.02 0107.13 203.0998 +79.6400 000.0000 +00.0000 000695 3.13
27.0000 0451.48 0112.75 201.9177 +79.8374 000.0000 +00.0000 001436 2.34
28.0000 0450.87 0118.27 200.6965 +80.0234 000.0000 +00.0000 001185 2.55
29.0000 0450.43 0123.00 199.6312 +80.1818 000.0000 +00.0000 001423 2.35
30.0000 0449.96 0127.91 198.4870 +80.3416 000.0000 +00.0000 001060 2.67
31.0000 0449.28 0133.93 197.0128 +80.5276 000.0000 +00.0000 000545 3.39
32.0000 0449.21 0136.73 196.3564 +80.6214 000.0000 +00.0000 000112 5.11
-------------------------------------------------------
FF_CA0001_20180521_055248_091_0398848.fits
Calibrated with RMS on: 2018-05-27 17:18:45.573574 UTC
CA0001 01.0 0009 0025.00 000.0 000.0  00.0 010.7 0482.5 0344.4
154.0000 1188.53 0186.43 329.8429 +58.6723 000.0000 +00.0000 000146 4.82
155.0000 1186.24 0197.50 330.9028 +58.8977 000.0000 +00.0000 000080 5.47
156.0000 1183.37 0209.52 332.0648 +59.1505 000.0000 +00.0000 000263 4.18
157.0000 1180.71 0217.32 332.8237 +59.3527 000.0000 +00.0000 000320 3.97
158.0000 1177.33 0229.37 334.0125 +59.6103 000.0000 +00.0000 000355 3.86
159.0000 1174.55 0239.79 335.0528 +59.8125 000.0000 +00.0000 001437 2.34
160.0000 1172.58 0247.04 335.7829 +59.9485 000.0000 +00.0000 000560 3.36
161.0000 1168.72 0259.31 337.0314 +60.1959 000.0000 +00.0000 000306 4.02
162.0000 1166.37 0269.37 338.0627 +60.3400 000.0000 +00.0000 000048 6.03
-------------------------------------------------------
FF_CA0001_20180521_055308_576_0399360.fits
Calibrated with RMS on: 2018-05-27 17:18:45.573574 UTC
CA0001 01.0 0018 0025.00 000.0 000.0  00.0 004.6 0442.4 0152.2
215.0000 0181.97 0280.83 156.3809 +68.7957 000.0000 +00.0000 000321 3.97
216.0000 0180.41 0284.30 155.9196 +68.7018 000.0000 +00.0000 000430 3.65
217.0000 0178.33 0288.15 155.4173 +68.5761 000.0000 +00.0000 001805 2.09
218.0000 0175.75 0292.63 154.8425 +68.4185 000.0000 +00.0000 002329 1.81
219.0000 0173.54 0296.78 154.3145 +68.2802 000.0000 +00.0000 002608 1.69
220.0000 0171.57 0300.49 153.8480 +68.1551 000.0000 +00.0000 003640 1.33
221.0000 0168.69 0304.61 153.3487 +67.9751 000.0000 +00.0000 003919 1.25
222.0000 0167.08 0308.93 152.8064 +67.8635 000.0000 +00.0000 004275 1.15
223.0000 0164.84 0313.26 152.2812 +67.7141 000.0000 +00.0000 004516 1.10
224.0000 0162.34 0317.27 151.8103 +67.5497 000.0000 +00.0000 004123 1.19
225.0000 0160.51 0321.83 151.2598 +67.4176 000.0000 +00.0000 004591 1.08
226.0000 0157.77 0325.74 150.8207 +67.2363 000.0000 +00.0000 004494 1.10
227.0000 0155.97 0330.21 150.2941 +67.1020 000.0000 +00.0000 004977 0.99
228.0000 0153.30 0334.45 149.8251 +66.9183 000.0000 +00.0000 004767 1.04
229.0000 0151.47 0339.45 149.2458 +66.7733 000.0000 +00.0000 003924 1.25
230.0000 0149.56 0343.41 148.8050 +66.6306 000.0000 +00.0000 003068 1.52
231.0000 0147.18 0347.33 148.3878 +66.4600 000.0000 +00.0000 002393 1.78
232.0000 0146.44 0350.44 148.0274 +66.3882 000.0000 +00.0000 000078 5.50
-------------------------------------------------------
FF_CA0001_20180521_060718_620_0420608.fits
Calibrated with RMS on: 2018-05-27 17:18:45.573574 UTC
CA0001 01.0 0008 0025.00 000.0 000.0  00.0 011.7 0205.3 0296.6
110.0000 0812.11 0503.73 029.6739 +73.5898 000.0000 +00.0000 000068 5.65
111.0000 0802.02 0508.64 031.5722 +73.7378 000.0000 +00.0000 000803 2.97
113.0000 0780.86 0518.98 035.6555 +73.9860 000.0000 +00.0000 000348 3.88
114.0000 0771.01 0524.09 037.6233 +74.0605 000.0000 +00.0000 002326 1.82
115.0000 0760.29 0529.72 039.7890 +74.1168 000.0000 +00.0000 001987 1.99
116.0000 0748.57 0535.26 042.1154 +74.1789 000.0000 +00.0000 002227 1.86
117.0000 0737.55 0540.70 044.3352 +74.2028 000.0000 +00.0000 001162 2.57
118.0000 0728.12 0545.90 046.2802 +74.1793 000.0000 +00.0000 001226 2.51
-------------------------------------------------------
FF_CA0001_20180521_064453_610_0475648.fits
Calibrated with RMS on: 2018-05-27 17:18:45.573574 UTC
CA0001 01.0 0005 0025.00 000.0 000.0  00.0 009.7 0395.6 0308.0
139.0000 1191.76 0431.21 006.2972 +57.6840 000.0000 +00.0000 000471 3.55
140.0000 1185.43 0435.71 006.8838 +57.9683 000.0000 +00.0000 001971 2.00
141.0000 1177.06 0442.42 007.7411 +58.3248 000.0000 +00.0000 003027 1.53
142.0000 1168.98 0448.50 008.5474 +58.6669 000.0000 +00.0000 003145 1.49
143.0000 1161.14 0454.76 009.3763 +58.9847 000.0000 +00.0000 001855 2.06
-------------------------------------------------------
FF_CA0001_20180521_070002_980_0498432.fits
Calibrated with RMS on: 2018-05-27 17:18:45.573574 UTC
CA0001 01.0 0014 0025.00 000.0 000.0  00.0 011.9 0344.5 0147.9
147.0000 0216.70 0389.39 156.9639 +69.6978 000.0000 +00.0000 000064 5.72
148.0000 0209.12 0399.55 156.0063 +69.1266 000.0000 +00.0000 001314 2.44
149.0000 0201.27 0411.55 154.8810 +68.4978 000.0000 +00.0000 001993 1.98
150.0000 0194.50 0422.06 153.9419 +67.9426 000.0000 +00.0000 001751 2.12
151.0000 0187.07 0433.16 153.0152 +67.3317 000.0000 +00.0000 001797 2.10
152.0000 0180.80 0443.61 152.1461 +66.7854 000.0000 +00.0000 003527 1.36
153.0000 0173.16 0455.00 151.2894 +66.1384 000.0000 +00.0000 003789 1.29
154.0000 0167.70 0463.89 150.6232 +65.6527 000.0000 +00.0000 005112 0.96
155.0000 0161.67 0473.86 149.9012 +65.1059 000.0000 +00.0000 005387 0.90
156.0000 0155.68 0483.69 149.2217 +64.5573 000.0000 +00.0000 004783 1.03
157.0000 0149.38 0494.11 148.5292 +63.9709 000.0000 +00.0000 003774 1.29
158.0000 0143.81 0503.04 147.9695 +63.4534 000.0000 +00.0000 003602 1.34
159.0000 0139.22 0511.28 147.4398 +62.9994 000.0000 +00.0000 002219 1.87
160.0000 0134.50 0519.72 146.9160 +62.5285 000.0000 +00.0000 000338 3.91
-------------------------------------------------------
FF_CA0001_20180521_070957_191_0513280.fits
Calibrated with RMS on: 2018-05-27 17:18:45.573574 UTC
CA0001 01.0 0010 0025.00 000.0 000.0  00.0 020.8 0505.5 0149.2
82.0000 0247.40 0032.57 211.4856 +68.3533 000.0000 +00.0000 000758 3.03
83.0000 0235.77 0052.00 208.4076 +68.3973 000.0000 +00.0000 001067 2.66
84.0000 0223.79 0071.52 205.2993 +68.3556 000.0000 +00.0000 001544 2.26
85.0000 0212.55 0089.57 202.4387 +68.2450 000.0000 +00.0000 002079 1.94
86.0000 0200.48 0108.90 199.4170 +68.0576 000.0000 +00.0000 000825 2.94
87.0000 0191.80 0123.18 197.2330 +67.8882 000.0000 +00.0000 002037 1.96
88.0000 0181.30 0141.91 194.4555 +67.6604 000.0000 +00.0000 002700 1.65
89.0000 0171.10 0159.70 191.8705 +67.3771 000.0000 +00.0000 003654 1.33
90.0000 0161.59 0176.25 189.5277 +67.0659 000.0000 +00.0000 001775 2.11
91.0000 0152.50 0194.39 187.0571 +66.7515 000.0000 +00.0000 000169 4.66
-------------------------------------------------------
FF_CA0001_20180521_072244_593_0532480.fits
Calibrated with RMS on: 2018-05-27 17:18:45.573574 UTC
CA0001 01.0 0019 0025.00 000.0 000.0  00.0 005.5 0526.9 0304.9
219.0000 1125.97 0663.70 037.3011 +55.1179 000.0000 +00.0000 000454 3.59
220.0000 1122.09 0666.02 037.6694 +55.2170 000.0000 +00.0000 000800 2.97
221.0000 1117.61 0669.65 038.1616 +55.2949 000.0000 +00.0000 001379 2.38
222.0000 1112.86 0672.15 038.5937 +55.4236 000.0000 +00.0000 002540 1.72
223.0000 1108.85 0675.50 039.0444 +55.4847 000.0000 +00.0000 003365 1.41
224.0000 1104.48 0678.42 039.4878 +55.5758 000.0000 +00.0000 003427 1.39
225.0000 1100.19 0681.80 039.9592 +55.6436 000.0000 +00.0000 004384 1.13
226.0000 1095.17 0685.02 040.4637 +55.7474 000.0000 +00.0000 005341 0.91
227.0000 1090.76 0688.63 040.9606 +55.8062 000.0000 +00.0000 003810 1.28
228.0000 1086.57 0691.27 041.3820 +55.8899 000.0000 +00.0000 004580 1.08
229.0000 1081.62 0694.75 041.9054 +55.9719 000.0000 +00.0000 006588 0.69
230.0000 1076.63 0698.57 042.4554 +56.0391 000.0000 +00.0000 005253 0.93
231.0000 1071.92 0701.58 042.9375 +56.1229 000.0000 +00.0000 005031 0.98
232.0000 1066.94 0704.75 043.4485 +56.2090 000.0000 +00.0000 005907 0.80
233.0000 1062.36 0708.37 043.9653 +56.2570 000.0000 +00.0000 006774 0.66
234.0000 1057.06 0711.59 044.5032 +56.3483 000.0000 +00.0000 006969 0.62
235.0000 1052.02 0715.12 045.0464 +56.4127 000.0000 +00.0000 006780 0.65
236.0000 1046.91 0717.81 045.5432 +56.5114 000.0000 +00.0000 004407 1.12
237.0000 1043.00 0718.00 045.8085 +56.6628 000.0000 +00.0000 000034 6.40
-------------------------------------------------------
FF_CA0001_20180521_081227_195_0606976.fits
Calibrated with RMS on: 2018-05-27 17:18:45.573574 UTC
CA0001 01.0 0007 0025.00 000.0 000.0  00.0 001.8 0296.1 -083.3
37.0000 0783.01 0641.23 076.4525 +68.5379 000.0000 +00.0000 002741 1.64
42.0000 0786.35 0641.04 076.0406 +68.4682 000.0000 +00.0000 003601 1.34
48.0000 0791.29 0640.58 075.4246 +68.3712 000.0000 +00.0000 006803 0.65
50.0000 0811.83 0637.90 072.8672 +67.9751 000.0000 +00.0000 003290 1.44
56.0000 0822.56 0636.64 071.5771 +67.7439 000.0000 +00.0000 004137 1.19
58.0000 0829.23 0636.34 070.8209 +67.5726 000.0000 +00.0000 005743 0.83
66.0000 0834.52 0635.47 070.1862 +67.4619 000.0000 +00.0000 002605 1.69
-------------------------------------------------------
FF_CA0001_20180521_081309_299_0607488.fits
Calibrated with RMS on: 2018-05-27 17:18:45.573574 UTC
CA0001 01.0 0026 0025.00 000.0 000.0  00.0 002.5 0454.8 0124.8
38.0000 0302.45 0040.35 230.9129 +71.1597 000.0000 +00.0000 000750 3.04
39.0000 0304.05 0041.69 230.8938 +71.2774 000.0000 +00.0000 000925 2.82
40.0000 0304.15 0040.45 231.0579 +71.2388 000.0000 +00.0000 001005 2.73
41.0000 0303.94 0039.87 231.1107 +71.2093 000.0000 +00.0000 000971 2.76
42.0000 0304.82 0038.04 231.4194 +71.1842 000.0000 +00.0000 001234 2.50
43.0000 0305.81 0040.30 231.2317 +71.3072 000.0000 +00.0000 000902 2.84
44.0000 0305.16 0036.89 231.5933 +71.1588 000.0000 +00.0000 000993 2.74
45.0000 0308.05 0039.20 231.5796 +71.3676 000.0000 +00.0000 000581 3.32
46.0000 0307.08 0037.40 231.7112 +71.2614 000.0000 +00.0000 001214 2.52
48.0000 0312.16 0034.30 232.5786 +71.3732 000.0000 +00.0000 008993 0.35
49.0000 0329.27 0022.17 235.7711 +71.6491 000.0000 +00.0000 006751 0.66
50.0000 0331.72 0020.24 236.2584 +71.6758 000.0000 +00.0000 001201 2.53
51.0000 0331.75 0019.14 236.3907 +71.6345 000.0000 +00.0000 001290 2.46
52.0000 0334.56 0018.74 236.7391 +71.7337 000.0000 +00.0000 007440 0.55
53.0000 0338.63 0016.58 237.4338 +71.8138 000.0000 +00.0000 006901 0.64
54.0000 0340.64 0013.93 237.9614 +71.7893 000.0000 +00.0000 002341 1.81
55.0000 0341.86 0013.31 238.1682 +71.8132 000.0000 +00.0000 004327 1.14
56.0000 0344.94 0011.33 238.7394 +71.8555 000.0000 +00.0000 006698 0.67
57.0000 0347.84 0008.93 239.3397 +71.8716 000.0000 +00.0000 006290 0.74
58.0000 0351.66 0006.96 239.9997 +71.9387 000.0000 +00.0000 006972 0.62
59.0000 0354.01 0005.72 240.4112 +71.9774 000.0000 +00.0000 002417 1.77
60.0000 0353.75 0003.11 240.6682 +71.8592 000.0000 +00.0000 001358 2.40
61.0000 0354.50 0004.00 240.6585 +71.9247 000.0000 +00.0000 000502 3.48
62.0000 0355.22 0003.27 240.8232 +71.9216 000.0000 +00.0000 001597 2.22
63.0000 0355.96 0002.56 240.9880 +71.9199 000.0000 +00.0000 001119 2.61
64.0000 0356.00 0002.65 240.9831 +71.9251 000.0000 +00.0000 001027 2.70
-------------------------------------------------------
FF_CA0001_20180521_083804_035_0643840.fits
Calibrated with RMS on: 2018-05-27 17:18:45.573574 UTC
CA0001 01.0 0007 0025.00 000.0 000.0  00.0 004.0 0509.2 0356.6
247.0000 1147.00 0367.00 029.7161 +60.9768 000.0000 +00.0000 000817 2.95
249.0000 1148.25 0363.75 029.3606 +60.9386 000.0000 +00.0000 000600 3.29
250.0000 1147.69 0384.63 031.4684 +60.7516 000.0000 +00.0000 002052 1.95
251.0000 1147.61 0372.80 030.2872 +60.8849 000.0000 +00.0000 001507 2.29
252.0000 1148.43 0366.50 029.6347 +60.9023 000.0000 +00.0000 002296 1.83
253.0000 1147.78 0382.27 031.2315 +60.7734 000.0000 +00.0000 001665 2.18
254.0000 1147.48 0395.26 032.5284 +60.6356 000.0000 +00.0000 001720 2.14
-------------------------------------------------------
FF_CA0001_20180521_083834_650_0644608.fits
Calibrated with RMS on: 2018-05-27 17:18:45.573574 UTC
CA0001 01.0 0006 0025.00 000.0 000.0  00.0 004.2 0541.4 0355.1
0.0000 1175.70 0458.90 037.7393 +58.1174 000.0000 +00.0000 005420 0.90
1.0000 1175.85 0455.75 037.4535 +58.1651 000.0000 +00.0000 009614 0.28
2.0000 1175.58 0457.61 037.6286 +58.1470 000.0000 +00.0000 005560 0.87
3.0000 1174.08 0483.07 039.9220 +57.7472 000.0000 +00.0000 004630 1.07
4.0000 1175.49 0468.85 038.6287 +57.9466 000.0000 +00.0000 002498 1.74
6.0000 1174.66 0484.34 040.0119 +57.6903 000.0000 +00.0000 000845 2.92
-------------------------------------------------------
FF_CA0001_20180521_083844_919_0644864.fits
Calibrated with RMS on: 2018-05-27 17:18:45.573574 UTC
CA0001 01.0 0006 0025.00 000.0 000.0  00.0 004.8 0576.2 0356.8
246.0000 1218.00 0383.00 029.8899 +56.7974 000.0000 +00.0000 000102 5.21
248.0000 1215.08 0394.38 030.9713 +56.8441 000.0000 +00.0000 000369 3.81
249.0000 1217.10 0396.42 031.1086 +56.7047 000.0000 +00.0000 000946 2.79
250.0000 1217.51 0371.91 028.9020 +56.9328 000.0000 +00.0000 000670 3.17
251.0000 1217.12 0383.24 029.9304 +56.8459 000.0000 +00.0000 001705 2.15
252.0000 1214.42 0411.44 032.5033 +56.6765 000.0000 +00.0000 002952 1.56
-------------------------------------------------------
FF_CA0001_20180521_083855_096_0645120.fits
Calibrated with RMS on: 2018-05-27 17:18:45.573574 UTC
CA0001 01.0 0008 0025.00 000.0 000.0  00.0 005.1 0591.8 -005.2
245.0000 1224.02 0452.83 035.8632 +55.5238 000.0000 +00.0000 000662 3.18
247.0000 1227.00 0436.00 034.3566 +55.6160 000.0000 +00.0000 000206 4.45
248.0000 1225.89 0436.93 034.4653 +55.6658 000.0000 +00.0000 000933 2.81
249.0000 1228.20 0435.72 034.3015 +55.5513 000.0000 +00.0000 000976 2.76
250.0000 1227.00 0434.34 034.2156 +55.6405 000.0000 +00.0000 000538 3.41
251.0000 1225.78 0437.35 034.5045 +55.6658 000.0000 +00.0000 001382 2.38
252.0000 1227.32 0431.91 034.0003 +55.6575 000.0000 +00.0000 001967 2.00
253.0000 1228.93 0412.26 032.2710 +55.8312 000.0000 +00.0000 001665 2.18
-------------------------------------------------------
FF_CA0001_20180521_083905_300_0645376.fits
Calibrated with RMS on: 2018-05-27 17:18:45.573574 UTC
CA0001 01.0 0006 0025.00 000.0 000.0  00.0 006.8 0606.4 -007.1
245.0000 1246.00 0430.00 033.4102 +54.6042 000.0000 +00.0000 000160 4.72
249.0000 1244.96 0419.54 032.5585 +54.8061 000.0000 +00.0000 009386 0.30
250.0000 1244.50 0411.11 031.8565 +54.9399 000.0000 +00.0000 006239 0.74
251.0000 1245.47 0403.44 031.1833 +54.9749 000.0000 +00.0000 008478 0.41
252.0000 1248.09 0390.77 030.0474 +54.9604 000.0000 +00.0000 005680 0.85
253.0000 1250.44 0375.68 028.7080 +54.9683 000.0000 +00.0000 010342 0.20
-------------------------------------------------------
FF_CA0001_20180521_083905_300_0645376.fits
Calibrated with RMS on: 2018-05-27 17:18:45.573574 UTC
CA0001 02.0 0007 0025.00 000.0 000.0  00.0 003.1 0623.6 0003.2
249.0000 1246.00 0028.52 358.5068 +52.7018 000.0000 +00.0000 001539 2.26
250.0000 1245.90 0034.36 358.9757 +52.8441 000.0000 +00.0000 001584 2.23
251.0000 1247.23 0039.26 359.4044 +52.8770 000.0000 +00.0000 002495 1.74
252.0000 1247.48 0044.59 359.8436 +52.9814 000.0000 +00.0000 003320 1.43
253.0000 1246.20 0042.93 359.6791 +53.0207 000.0000 +00.0000 002858 1.59
254.0000 1246.72 0043.41 359.7304 +53.0005 000.0000 +00.0000 007776 0.51
255.0000 1247.64 0047.28 000.0672 +53.0311 000.0000 +00.0000 013282 -0.08
-------------------------------------------------------
FF_CA0001_20180521_083916_948_0645632.fits
Calibrated with RMS on: 2018-05-27 17:18:45.573574 UTC
CA0001 01.0 0015 0025.00 000.0 000.0  00.0 006.2 0622.1 -007.0
239.0000 1250.00 0481.00 037.5076 +53.5489 000.0000 +00.0000 000069 5.64
240.0000 1249.51 0493.51 038.5111 +53.3413 000.0000 +00.0000 000081 5.46
242.0000 1253.70 0464.32 036.0696 +53.6281 000.0000 +00.0000 000292 4.07
243.0000 1252.65 0451.64 035.0728 +53.8955 000.0000 +00.0000 001150 2.58
244.0000 1255.82 0434.87 033.6216 +53.9617 000.0000 +00.0000 000552 3.38
245.0000 1257.06 0430.28 033.2145 +53.9533 000.0000 +00.0000 000537 3.41
246.0000 1257.00 0423.00 032.6153 +54.0551 000.0000 +00.0000 000569 3.34
248.0000 1259.87 0422.19 032.4827 +53.8966 000.0000 +00.0000 000859 2.90
249.0000 1258.00 0430.45 033.2067 +53.8958 000.0000 +00.0000 001148 2.58
250.0000 1260.99 0402.19 030.7987 +54.0736 000.0000 +00.0000 001584 2.23
251.0000 1262.00 0389.00 029.6738 +54.1543 000.0000 +00.0000 000438 3.63
252.0000 1264.51 0383.00 029.1225 +54.0633 000.0000 +00.0000 000923 2.82
253.0000 1265.52 0372.95 028.2582 +54.0937 000.0000 +00.0000 002446 1.76
254.0000 1265.97 0369.40 027.9509 +54.0966 000.0000 +00.0000 003245 1.45
255.0000 1264.49 0383.33 029.1511 +54.0613 000.0000 +00.0000 011602 0.07
-------------------------------------------------------
FF_CA0001_20180521_083916_948_0645632.fits
Calibrated with RMS on: 2018-05-27 17:18:45.573574 UTC
CA0001 02.0 0008 0025.00 000.0 000.0  00.0 002.9 0621.3 0346.8
242.0000 1253.70 0464.32 036.0696 +53.6281 000.0000 +00.0000 000292 4.07
243.0000 1253.22 0455.77 035.3930 +53.7966 000.0000 +00.0000 001150 2.58
244.0000 1251.47 0464.29 036.1291 +53.7578 000.0000 +00.0000 000552 3.38
245.0000 1253.00 0451.00 035.0119 +53.8852 000.0000 +00.0000 000537 3.41
247.0000 1251.16 0477.77 037.2181 +53.5407 000.0000 +00.0000 000539 3.40
249.0000 1250.64 0475.22 037.0301 +53.6164 000.0000 +00.0000 001148 2.58
250.0000 1249.20 0479.98 037.4517 +53.6135 000.0000 +00.0000 001584 2.23
252.0000 1247.58 0492.59 038.4997 +53.4696 000.0000 +00.0000 000923 2.82
-------------------------------------------------------
FF_CA0001_20180521_083927_000_0645888.fits
Calibrated with RMS on: 2018-05-27 17:18:45.573574 UTC
CA0001 01.0 0008 0025.00 000.0 000.0  00.0 004.2 0619.9 -003.6
0.0000 1257.98 0393.13 030.0997 +54.3508 000.0000 +00.0000 011248 0.10
1.0000 1257.79 0397.03 030.4321 +54.3204 000.0000 +00.0000 002572 1.71
2.0000 1260.80 0374.78 028.4951 +54.3601 000.0000 +00.0000 003610 1.34
3.0000 1261.52 0374.25 028.4377 +54.3218 000.0000 +00.0000 003290 1.44
4.0000 1257.00 0387.54 029.6471 +54.4663 000.0000 +00.0000 002238 1.86
5.0000 1263.00 0370.00 028.0521 +54.2696 000.0000 +00.0000 000345 3.89
6.0000 1263.00 0375.00 028.4758 +54.2267 000.0000 +00.0000 000581 3.32
7.0000 1262.00 0364.00 027.5590 +54.3779 000.0000 +00.0000 000496 3.49
-------------------------------------------------------
FF_CA0001_20180521_083927_000_0645888.fits
Calibrated with RMS on: 2018-05-27 17:18:45.573574 UTC
CA0001 02.0 0005 0025.00 000.0 000.0  00.0 006.7 0626.5 0346.0
251.0000 1276.52 0399.01 030.2652 +53.1817 000.0000 +00.0000 000675 3.16
252.0000 1275.52 0397.44 030.1561 +53.2585 000.0000 +00.0000 002032 1.96
253.0000 1272.29 0424.01 032.3930 +53.1372 000.0000 +00.0000 000729 3.08
254.0000 1273.89 0408.64 031.1072 +53.2314 000.0000 +00.0000 003363 1.42
255.0000 1270.53 0425.28 032.5361 +53.2252 000.0000 +00.0000 009827 0.25
-------------------------------------------------------
FF_CA0001_20180521_083937_190_0646144.fits
Calibrated with RMS on: 2018-05-27 17:18:45.573574 UTC
CA0001 01.0 0006 0025.00 000.0 000.0  00.0 002.8 0628.7 -009.0
1.0000 1265.12 0427.36 032.8294 +53.5181 000.0000 +00.0000 003387 1.41
2.0000 1267.00 0414.00 031.6931 +53.5780 000.0000 +00.0000 003124 1.50
3.0000 1261.96 0439.98 033.9325 +53.5278 000.0000 +00.0000 001215 2.52
4.0000 1267.97 0413.66 031.6445 +53.5245 000.0000 +00.0000 000708 3.11
5.0000 1268.75 0413.78 031.6377 +53.4767 000.0000 +00.0000 000647 3.21
6.0000 1268.25 0413.93 031.6610 +53.5046 000.0000 +00.0000 001007 2.72
-------------------------------------------------------
FF_CA0001_20180521_083947_403_0646400.fits
Calibrated with RMS on: 2018-05-27 17:18:45.573574 UTC
CA0001 01.0 0005 0025.00 000.0 000.0  00.0 002.8 0640.0 -005.7
0.0000 1273.29 0460.11 035.2981 +52.5517 000.0000 +00.0000 004299 1.15
1.0000 1273.73 0451.76 034.6272 +52.6573 000.0000 +00.0000 002843 1.60
3.0000 1274.00 0438.47 033.5621 +52.8384 000.0000 +00.0000 000280 4.11
4.0000 1274.07 0448.45 034.3566 +52.6877 000.0000 +00.0000 000832 2.93
5.0000 1275.00 0446.00 034.1391 +52.6694 000.0000 +00.0000 000338 3.91
