Meteor Count = 000034
-----------------------------------------------------
Processed with RMS 20180612_214946 76d2f80e091831d6cb25c3c8dbe955460558d3ae on 2018-06-14 09:51:51.996296 UTC
-----------------------------------------------------
FF  folder = /home/pi/RMS_data/CapturedFiles/CA0001_20180614_014042_812605
CAL folder = /home/pi/RMS_data/CapturedFiles/CA0001_20180614_014042_812605
-----------------------------------------------------
FF  file processed
CAL file processed
Cam# Meteor# #Segments fps hnr mle bin Pix/fm Rho Phi
Per segment:  Frame# Col Row RA Dec Azim Elev Inten Mag
-------------------------------------------------------
FF_CA0001_20180614_022048_922_0059392.fits
Uncalibrated
CA0001 0001 0012 0025.00 000.0 000.0  00.0 006.4 0301.4 0141.1
0009.0 0542.93 0000.74 000.00 000.00 000.00 000.00 000759 0.00
0010.0 0538.69 0004.55 000.00 000.00 000.00 000.00 009696 0.00
0011.0 0533.04 0011.62 000.00 000.00 000.00 000.00 008298 0.00
0012.0 0526.64 0019.42 000.00 000.00 000.00 000.00 010541 0.00
0013.0 0520.53 0027.71 000.00 000.00 000.00 000.00 008733 0.00
0014.0 0514.26 0035.82 000.00 000.00 000.00 000.00 008230 0.00
0015.0 0508.02 0043.60 000.00 000.00 000.00 000.00 007293 0.00
0016.0 0502.57 0050.89 000.00 000.00 000.00 000.00 004895 0.00
0017.0 0497.82 0057.17 000.00 000.00 000.00 000.00 000718 0.00
0018.0 0497.69 0058.78 000.00 000.00 000.00 000.00 000244 0.00
0019.0 0494.49 0060.51 000.00 000.00 000.00 000.00 000110 0.00
0021.0 0492.48 0058.00 000.00 000.00 000.00 000.00 000098 0.00
-------------------------------------------------------
FF_CA0001_20180614_022941_788_0072704.fits
Uncalibrated
CA0001 0001 0004 0025.00 000.0 000.0  00.0 004.9 0398.5 -075.1
0038.0 1032.50 0666.40 000.00 000.00 000.00 000.00 002231 0.00
0039.0 1041.18 0665.54 000.00 000.00 000.00 000.00 013549 0.00
0040.0 1051.62 0662.19 000.00 000.00 000.00 000.00 006051 0.00
0042.0 1052.00 0666.00 000.00 000.00 000.00 000.00 000042 0.00
-------------------------------------------------------
FF_CA0001_20180614_023849_697_0085504.fits
Uncalibrated
CA0001 0001 0022 0025.00 000.0 000.0  00.0 006.3 0417.5 0150.1
0222.0 0181.18 0321.90 000.00 000.00 000.00 000.00 000575 0.00
0223.0 0178.23 0327.29 000.00 000.00 000.00 000.00 000355 0.00
0224.0 0174.77 0332.64 000.00 000.00 000.00 000.00 002383 0.00
0225.0 0171.50 0338.30 000.00 000.00 000.00 000.00 002658 0.00
0226.0 0168.11 0343.27 000.00 000.00 000.00 000.00 001938 0.00
0227.0 0164.74 0348.99 000.00 000.00 000.00 000.00 002333 0.00
0228.0 0161.29 0355.00 000.00 000.00 000.00 000.00 003444 0.00
0229.0 0157.46 0360.67 000.00 000.00 000.00 000.00 002421 0.00
0230.0 0154.52 0366.17 000.00 000.00 000.00 000.00 001180 0.00
0231.0 0151.59 0370.38 000.00 000.00 000.00 000.00 001191 0.00
0232.0 0148.34 0377.39 000.00 000.00 000.00 000.00 001690 0.00
0233.0 0144.82 0383.56 000.00 000.00 000.00 000.00 000848 0.00
0234.0 0141.73 0388.93 000.00 000.00 000.00 000.00 002792 0.00
0235.0 0138.84 0394.23 000.00 000.00 000.00 000.00 003465 0.00
0236.0 0135.48 0399.42 000.00 000.00 000.00 000.00 003608 0.00
0237.0 0132.69 0405.05 000.00 000.00 000.00 000.00 002626 0.00
0238.0 0129.72 0410.68 000.00 000.00 000.00 000.00 002930 0.00
0239.0 0126.43 0416.50 000.00 000.00 000.00 000.00 001764 0.00
0240.0 0124.08 0421.30 000.00 000.00 000.00 000.00 001102 0.00
0241.0 0120.56 0427.38 000.00 000.00 000.00 000.00 001543 0.00
0242.0 0117.64 0431.22 000.00 000.00 000.00 000.00 000281 0.00
0243.0 0114.68 0436.84 000.00 000.00 000.00 000.00 000365 0.00
-------------------------------------------------------
FF_CA0001_20180614_025723_962_0113152.fits
Uncalibrated
CA0001 0001 0009 0025.00 000.0 000.0  00.0 003.7 0039.6 0348.7
0233.0 0630.00 0614.00 000.00 000.00 000.00 000.00 000024 0.00
0234.0 0630.00 0615.00 000.00 000.00 000.00 000.00 000020 0.00
0235.0 0627.12 0621.17 000.00 000.00 000.00 000.00 000112 0.00
0237.0 0626.82 0627.56 000.00 000.00 000.00 000.00 000845 0.00
0238.0 0626.46 0631.21 000.00 000.00 000.00 000.00 000364 0.00
0239.0 0625.60 0633.81 000.00 000.00 000.00 000.00 000444 0.00
0240.0 0625.08 0638.61 000.00 000.00 000.00 000.00 000914 0.00
0241.0 0623.69 0640.42 000.00 000.00 000.00 000.00 000112 0.00
0242.0 0622.29 0646.55 000.00 000.00 000.00 000.00 000144 0.00
-------------------------------------------------------
FF_CA0001_20180614_030017_528_0117504.fits
Uncalibrated
CA0001 0001 0007 0025.00 000.0 000.0  00.0 001.9 0314.8 -126.9
0008.0 0441.35 0604.69 000.00 000.00 000.00 000.00 000088 0.00
0009.0 0442.46 0605.65 000.00 000.00 000.00 000.00 000216 0.00
0010.0 0443.70 0605.95 000.00 000.00 000.00 000.00 000103 0.00
0011.0 0445.72 0608.00 000.00 000.00 000.00 000.00 000831 0.00
0012.0 0447.81 0609.73 000.00 000.00 000.00 000.00 000522 0.00
0013.0 0449.37 0611.27 000.00 000.00 000.00 000.00 000238 0.00
0014.0 0451.00 0611.00 000.00 000.00 000.00 000.00 000029 0.00
-------------------------------------------------------
FF_CA0001_20180614_030118_763_0119040.fits
Uncalibrated
CA0001 0001 0004 0025.00 000.0 000.0  00.0 003.5 0363.3 -091.8
0139.0 0382.78 0715.98 000.00 000.00 000.00 000.00 007572 0.00
0140.0 0399.60 0717.50 000.00 000.00 000.00 000.00 007262 0.00
0141.0 0409.08 0714.47 000.00 000.00 000.00 000.00 001755 0.00
0142.0 0393.38 0715.00 000.00 000.00 000.00 000.00 000079 0.00
-------------------------------------------------------
FF_CA0001_20180614_030118_763_0119040.fits
Uncalibrated
CA0001 0002 0004 0025.00 000.0 000.0  00.0 003.6 0370.9 0266.4
0139.0 0382.72 0716.03 000.00 000.00 000.00 000.00 007572 0.00
0140.0 0399.74 0717.60 000.00 000.00 000.00 000.00 007262 0.00
0141.0 0408.22 0715.20 000.00 000.00 000.00 000.00 001755 0.00
0142.0 0393.38 0715.00 000.00 000.00 000.00 000.00 000079 0.00
-------------------------------------------------------
FF_CA0001_20180614_031455_929_0139008.fits
Uncalibrated
CA0001 0001 0005 0025.00 000.0 000.0  00.0 003.0 0010.0 0143.1
0179.0 0578.18 0425.36 000.00 000.00 000.00 000.00 000475 0.00
0180.0 0580.75 0423.25 000.00 000.00 000.00 000.00 000677 0.00
0181.0 0582.00 0420.88 000.00 000.00 000.00 000.00 000354 0.00
0182.0 0583.18 0418.29 000.00 000.00 000.00 000.00 000285 0.00
0183.0 0585.29 0415.93 000.00 000.00 000.00 000.00 000168 0.00
-------------------------------------------------------
FF_CA0001_20180614_032003_086_0146432.fits
Uncalibrated
CA0001 0001 0016 0025.00 000.0 000.0  00.0 005.0 0091.0 0008.6
0240.0 0702.00 0154.00 000.00 000.00 000.00 000.00 000030 0.00
0241.0 0704.00 0162.63 000.00 000.00 000.00 000.00 000065 0.00
0242.0 0702.59 0165.08 000.00 000.00 000.00 000.00 000127 0.00
0243.0 0703.35 0171.42 000.00 000.00 000.00 000.00 000414 0.00
0244.0 0705.00 0176.00 000.00 000.00 000.00 000.00 000021 0.00
0245.0 0704.92 0179.94 000.00 000.00 000.00 000.00 000632 0.00
0246.0 0704.98 0184.61 000.00 000.00 000.00 000.00 000108 0.00
0247.0 0705.79 0189.38 000.00 000.00 000.00 000.00 000664 0.00
0248.0 0707.15 0195.24 000.00 000.00 000.00 000.00 001429 0.00
0249.0 0707.58 0199.67 000.00 000.00 000.00 000.00 002415 0.00
0250.0 0708.53 0205.01 000.00 000.00 000.00 000.00 002205 0.00
0251.0 0708.89 0209.76 000.00 000.00 000.00 000.00 001435 0.00
0252.0 0709.90 0213.98 000.00 000.00 000.00 000.00 000718 0.00
0253.0 0710.40 0218.59 000.00 000.00 000.00 000.00 000638 0.00
0254.0 0711.49 0223.50 000.00 000.00 000.00 000.00 000881 0.00
0255.0 0712.24 0228.36 000.00 000.00 000.00 000.00 000291 0.00
-------------------------------------------------------
FF_CA0001_20180614_032228_879_0150016.fits
Uncalibrated
CA0001 0001 0008 0025.00 000.0 000.0  00.0 013.7 0021.2 0248.4
0136.0 0608.34 0370.11 000.00 000.00 000.00 000.00 000199 0.00
0137.0 0596.56 0365.85 000.00 000.00 000.00 000.00 000438 0.00
0138.0 0583.31 0360.54 000.00 000.00 000.00 000.00 000808 0.00
0139.0 0572.71 0355.87 000.00 000.00 000.00 000.00 000388 0.00
0140.0 0559.06 0350.73 000.00 000.00 000.00 000.00 001114 0.00
0141.0 0545.13 0345.80 000.00 000.00 000.00 000.00 001061 0.00
0142.0 0533.57 0340.45 000.00 000.00 000.00 000.00 000277 0.00
0143.0 0519.18 0334.66 000.00 000.00 000.00 000.00 000564 0.00
-------------------------------------------------------
FF_CA0001_20180614_034031_943_0176640.fits
Uncalibrated
CA0001 0001 0004 0025.00 000.0 000.0  00.0 012.6 0267.9 0107.4
0087.0 0022.91 0272.39 000.00 000.00 000.00 000.00 001326 0.00
0088.0 0033.30 0268.62 000.00 000.00 000.00 000.00 017881 0.00
0089.0 0047.90 0264.06 000.00 000.00 000.00 000.00 017667 0.00
0090.0 0059.09 0261.82 000.00 000.00 000.00 000.00 000654 0.00
-------------------------------------------------------
FF_CA0001_20180614_034031_943_0176640.fits
Uncalibrated
CA0001 0002 0005 0025.00 000.0 000.0  00.0 017.0 0244.6 0072.3
0126.0 1048.21 0234.21 000.00 000.00 000.00 000.00 001862 0.00
0127.0 1061.30 0238.18 000.00 000.00 000.00 000.00 025218 0.00
0128.0 1081.40 0244.37 000.00 000.00 000.00 000.00 030549 0.00
0129.0 1099.29 0249.92 000.00 000.00 000.00 000.00 016933 0.00
0130.0 1113.42 0252.98 000.00 000.00 000.00 000.00 000136 0.00
-------------------------------------------------------
FF_CA0001_20180614_034326_835_0180480.fits
Uncalibrated
CA0001 0001 0004 0025.00 000.0 000.0  00.0 006.0 0131.2 0085.2
0074.0 1212.03 0277.54 000.00 000.00 000.00 000.00 004256 0.00
0075.0 1218.12 0277.11 000.00 000.00 000.00 000.00 013432 0.00
0076.0 1226.31 0276.78 000.00 000.00 000.00 000.00 011199 0.00
0077.0 1230.00 0278.00 000.00 000.00 000.00 000.00 000023 0.00
-------------------------------------------------------
FF_CA0001_20180614_035454_745_0196608.fits
Uncalibrated
CA0001 0001 0006 0025.00 000.0 000.0  00.0 003.4 0341.3 -088.2
0039.0 0333.40 0708.93 000.00 000.00 000.00 000.00 001822 0.00
0040.0 0335.00 0708.00 000.00 000.00 000.00 000.00 000056 0.00
0048.0 0363.81 0709.37 000.00 000.00 000.00 000.00 002701 0.00
0049.0 0366.00 0708.00 000.00 000.00 000.00 000.00 000044 0.00
0057.0 0394.78 0709.34 000.00 000.00 000.00 000.00 002586 0.00
0058.0 0398.85 0709.54 000.00 000.00 000.00 000.00 000971 0.00
-------------------------------------------------------
FF_CA0001_20180614_041829_629_0231936.fits
Uncalibrated
CA0001 0001 0020 0025.00 000.0 000.0  00.0 001.8 0174.0 -100.6
0133.0 0286.00 0470.00 000.00 000.00 000.00 000.00 000023 0.00
0134.0 0288.39 0470.29 000.00 000.00 000.00 000.00 000099 0.00
0135.0 0290.23 0471.15 000.00 000.00 000.00 000.00 000355 0.00
0136.0 0291.81 0471.65 000.00 000.00 000.00 000.00 000282 0.00
0137.0 0293.22 0471.69 000.00 000.00 000.00 000.00 000139 0.00
0138.0 0296.67 0474.56 000.00 000.00 000.00 000.00 000046 0.00
0139.0 0297.06 0472.50 000.00 000.00 000.00 000.00 000612 0.00
0140.0 0299.36 0471.00 000.00 000.00 000.00 000.00 000070 0.00
0141.0 0300.52 0473.49 000.00 000.00 000.00 000.00 000900 0.00
0142.0 0302.59 0473.65 000.00 000.00 000.00 000.00 000699 0.00
0143.0 0304.00 0473.77 000.00 000.00 000.00 000.00 000319 0.00
0144.0 0306.25 0475.04 000.00 000.00 000.00 000.00 000585 0.00
0145.0 0307.19 0474.40 000.00 000.00 000.00 000.00 000742 0.00
0146.0 0309.43 0476.16 000.00 000.00 000.00 000.00 000259 0.00
0147.0 0311.68 0474.67 000.00 000.00 000.00 000.00 000290 0.00
0148.0 0314.02 0475.47 000.00 000.00 000.00 000.00 000438 0.00
0149.0 0313.34 0476.16 000.00 000.00 000.00 000.00 000538 0.00
0150.0 0316.00 0476.54 000.00 000.00 000.00 000.00 000180 0.00
0152.0 0319.81 0476.80 000.00 000.00 000.00 000.00 000524 0.00
0153.0 0321.98 0478.00 000.00 000.00 000.00 000.00 000106 0.00
-------------------------------------------------------
FF_CA0001_20180614_042022_014_0234752.fits
Uncalibrated
CA0001 0001 0008 0025.00 000.0 000.0  00.0 002.8 0119.3 -127.9
0146.0 0769.57 0611.00 000.00 000.00 000.00 000.00 000054 0.00
0147.0 0770.84 0613.14 000.00 000.00 000.00 000.00 000342 0.00
0150.0 0777.98 0618.38 000.00 000.00 000.00 000.00 000238 0.00
0151.0 0780.52 0620.55 000.00 000.00 000.00 000.00 000582 0.00
0152.0 0782.02 0621.51 000.00 000.00 000.00 000.00 000080 0.00
0153.0 0783.55 0623.99 000.00 000.00 000.00 000.00 000084 0.00
0154.0 0784.52 0623.84 000.00 000.00 000.00 000.00 000185 0.00
0155.0 0790.00 0626.49 000.00 000.00 000.00 000.00 000059 0.00
-------------------------------------------------------
FF_CA0001_20180614_044757_240_0274944.fits
Uncalibrated
CA0001 0001 0009 0025.00 000.0 000.0  00.0 014.9 0234.7 0115.6
0035.0 0598.99 0119.10 000.00 000.00 000.00 000.00 000721 0.00
0036.0 0587.06 0125.00 000.00 000.00 000.00 000.00 001760 0.00
0037.0 0574.99 0131.28 000.00 000.00 000.00 000.00 002182 0.00
0038.0 0561.27 0137.37 000.00 000.00 000.00 000.00 002270 0.00
0039.0 0546.68 0144.50 000.00 000.00 000.00 000.00 002698 0.00
0040.0 0532.88 0150.76 000.00 000.00 000.00 000.00 002839 0.00
0041.0 0519.87 0157.50 000.00 000.00 000.00 000.00 002051 0.00
0042.0 0506.63 0164.02 000.00 000.00 000.00 000.00 000340 0.00
0043.0 0491.53 0170.93 000.00 000.00 000.00 000.00 000344 0.00
-------------------------------------------------------
FF_CA0001_20180614_045327_011_0283136.fits
Uncalibrated
CA0001 0001 0004 0025.00 000.0 000.0  00.0 008.6 0126.2 0312.7
0131.0 1084.40 0121.38 000.00 000.00 000.00 000.00 001242 0.00
0132.0 1078.24 0127.43 000.00 000.00 000.00 000.00 002756 0.00
0133.0 1072.51 0132.43 000.00 000.00 000.00 000.00 003330 0.00
0134.0 1065.51 0138.95 000.00 000.00 000.00 000.00 002991 0.00
-------------------------------------------------------
FF_CA0001_20180614_051003_630_0307968.fits
Uncalibrated
CA0001 0001 0009 0025.00 000.0 000.0  00.0 006.3 0368.4 0161.6
0001.0 0233.35 0416.32 000.00 000.00 000.00 000.00 000257 0.00
0002.0 0231.12 0422.72 000.00 000.00 000.00 000.00 001244 0.00
0003.0 0228.65 0428.53 000.00 000.00 000.00 000.00 002413 0.00
0004.0 0226.90 0434.23 000.00 000.00 000.00 000.00 001950 0.00
0005.0 0224.70 0440.27 000.00 000.00 000.00 000.00 003098 0.00
0006.0 0222.37 0446.13 000.00 000.00 000.00 000.00 002519 0.00
0007.0 0220.85 0452.10 000.00 000.00 000.00 000.00 000945 0.00
0008.0 0218.55 0458.59 000.00 000.00 000.00 000.00 001254 0.00
0009.0 0217.07 0464.08 000.00 000.00 000.00 000.00 000234 0.00
-------------------------------------------------------
FF_CA0001_20180614_054227_915_0356608.fits
Uncalibrated
CA0001 0001 0004 0025.00 000.0 000.0  00.0 005.6 0345.8 0143.1
0191.0 0158.64 0425.13 000.00 000.00 000.00 000.00 006764 0.00
0192.0 0154.17 0431.37 000.00 000.00 000.00 000.00 008173 0.00
0193.0 0150.11 0435.90 000.00 000.00 000.00 000.00 002889 0.00
0194.0 0149.00 0439.00 000.00 000.00 000.00 000.00 000031 0.00
-------------------------------------------------------
FF_CA0001_20180614_060749_052_0394240.fits
Uncalibrated
CA0001 0001 0010 0025.00 000.0 000.0  00.0 004.9 0282.4 -140.8
0129.0 0351.96 0453.30 000.00 000.00 000.00 000.00 000129 0.00
0130.0 0353.67 0456.00 000.00 000.00 000.00 000.00 000373 0.00
0131.0 0357.74 0460.30 000.00 000.00 000.00 000.00 000681 0.00
0132.0 0360.60 0463.94 000.00 000.00 000.00 000.00 000677 0.00
0133.0 0364.58 0467.98 000.00 000.00 000.00 000.00 000273 0.00
0134.0 0367.10 0471.64 000.00 000.00 000.00 000.00 000180 0.00
0135.0 0369.41 0475.28 000.00 000.00 000.00 000.00 000616 0.00
0136.0 0373.02 0478.90 000.00 000.00 000.00 000.00 000546 0.00
0137.0 0376.58 0483.57 000.00 000.00 000.00 000.00 001090 0.00
0138.0 0379.13 0488.18 000.00 000.00 000.00 000.00 000093 0.00
-------------------------------------------------------
FF_CA0001_20180614_062453_133_0419072.fits
Uncalibrated
CA0001 0001 0006 0025.00 000.0 000.0  00.0 002.8 0164.9 -145.0
0111.0 0359.90 0246.46 000.00 000.00 000.00 000.00 000203 0.00
0112.0 0360.55 0248.04 000.00 000.00 000.00 000.00 000728 0.00
0113.0 0362.62 0251.36 000.00 000.00 000.00 000.00 000791 0.00
0114.0 0364.74 0254.83 000.00 000.00 000.00 000.00 000181 0.00
0115.0 0366.00 0255.50 000.00 000.00 000.00 000.00 000056 0.00
0116.0 0367.50 0258.28 000.00 000.00 000.00 000.00 000145 0.00
-------------------------------------------------------
FF_CA0001_20180614_062724_738_0422656.fits
Uncalibrated
CA0001 0001 0014 0025.00 000.0 000.0  00.0 011.1 0107.9 0146.9
0196.0 0431.12 0484.59 000.00 000.00 000.00 000.00 001630 0.00
0197.0 0425.40 0493.53 000.00 000.00 000.00 000.00 008415 0.00
0198.0 0419.56 0502.21 000.00 000.00 000.00 000.00 011562 0.00
0199.0 0413.15 0511.53 000.00 000.00 000.00 000.00 014829 0.00
0200.0 0406.67 0521.13 000.00 000.00 000.00 000.00 016163 0.00
0201.0 0400.15 0530.53 000.00 000.00 000.00 000.00 019137 0.00
0202.0 0394.16 0539.88 000.00 000.00 000.00 000.00 019206 0.00
0203.0 0387.95 0549.14 000.00 000.00 000.00 000.00 019876 0.00
0204.0 0381.99 0559.04 000.00 000.00 000.00 000.00 019199 0.00
0205.0 0375.47 0568.34 000.00 000.00 000.00 000.00 018853 0.00
0206.0 0369.31 0577.81 000.00 000.00 000.00 000.00 019209 0.00
0207.0 0363.10 0587.61 000.00 000.00 000.00 000.00 016986 0.00
0208.0 0357.09 0596.96 000.00 000.00 000.00 000.00 013442 0.00
0209.0 0351.96 0604.66 000.00 000.00 000.00 000.00 003687 0.00
-------------------------------------------------------
FF_CA0001_20180614_063947_542_0440320.fits
Uncalibrated
CA0001 0001 0007 0025.00 000.0 000.0  00.0 014.4 0042.6 0292.5
0001.0 1085.14 0221.42 000.00 000.00 000.00 000.00 001929 0.00
0002.0 1074.07 0226.08 000.00 000.00 000.00 000.00 003128 0.00
0003.0 1062.72 0230.96 000.00 000.00 000.00 000.00 004180 0.00
0004.0 1049.24 0236.54 000.00 000.00 000.00 000.00 002258 0.00
0005.0 1036.59 0241.74 000.00 000.00 000.00 000.00 001275 0.00
0006.0 1021.91 0247.84 000.00 000.00 000.00 000.00 001003 0.00
0007.0 1005.13 0254.00 000.00 000.00 000.00 000.00 000071 0.00
-------------------------------------------------------
FF_CA0001_20180614_064617_625_0450048.fits
Uncalibrated
CA0001 0001 0005 0025.00 000.0 000.0  00.0 012.6 0577.0 0141.1
0159.0 0034.48 0193.66 000.00 000.00 000.00 000.00 001111 0.00
0160.0 0026.12 0202.06 000.00 000.00 000.00 000.00 005713 0.00
0161.0 0017.68 0212.84 000.00 000.00 000.00 000.00 017459 0.00
0162.0 0008.29 0224.29 000.00 000.00 000.00 000.00 015782 0.00
0163.0 0002.40 0232.46 000.00 000.00 000.00 000.00 002089 0.00
-------------------------------------------------------
FF_CA0001_20180614_065408_903_0461312.fits
Uncalibrated
CA0001 0001 0005 0025.00 000.0 000.0  00.0 009.4 0430.1 0355.9
0251.0 1076.68 0278.67 000.00 000.00 000.00 000.00 000077 0.00
0252.0 1076.53 0288.90 000.00 000.00 000.00 000.00 000700 0.00
0253.0 1076.07 0296.61 000.00 000.00 000.00 000.00 001475 0.00
0254.0 1074.75 0306.73 000.00 000.00 000.00 000.00 002296 0.00
0255.0 1074.18 0316.36 000.00 000.00 000.00 000.00 001642 0.00
-------------------------------------------------------
FF_CA0001_20180614_072042_983_0500224.fits
Uncalibrated
CA0001 0001 0008 0025.00 000.0 000.0  00.0 010.4 0099.7 0153.4
0171.0 0687.96 0041.38 000.00 000.00 000.00 000.00 001689 0.00
0172.0 0683.59 0049.97 000.00 000.00 000.00 000.00 004216 0.00
0173.0 0679.16 0058.61 000.00 000.00 000.00 000.00 006138 0.00
0174.0 0674.24 0068.63 000.00 000.00 000.00 000.00 006379 0.00
0175.0 0669.59 0077.97 000.00 000.00 000.00 000.00 007724 0.00
0176.0 0664.69 0087.43 000.00 000.00 000.00 000.00 004262 0.00
0177.0 0660.05 0096.46 000.00 000.00 000.00 000.00 001502 0.00
0178.0 0655.20 0106.66 000.00 000.00 000.00 000.00 000269 0.00
-------------------------------------------------------
FF_CA0001_20180614_072042_983_0500224.fits
Uncalibrated
CA0001 0002 0006 0025.00 000.0 000.0  00.0 013.0 0112.6 -168.9
0197.0 0482.00 0138.44 000.00 000.00 000.00 000.00 000048 0.00
0198.0 0483.38 0147.61 000.00 000.00 000.00 000.00 002476 0.00
0199.0 0486.11 0159.25 000.00 000.00 000.00 000.00 000572 0.00
0200.0 0488.34 0174.49 000.00 000.00 000.00 000.00 000468 0.00
0201.0 0491.31 0186.68 000.00 000.00 000.00 000.00 000628 0.00
0203.0 0496.75 0214.75 000.00 000.00 000.00 000.00 000210 0.00
-------------------------------------------------------
FF_CA0001_20180614_072843_240_0512000.fits
Uncalibrated
CA0001 0001 0006 0025.00 000.0 000.0  00.0 012.3 0142.9 0157.8
0002.0 0468.48 0402.56 000.00 000.00 000.00 000.00 000683 0.00
0003.0 0464.68 0411.88 000.00 000.00 000.00 000.00 001281 0.00
0004.0 0459.44 0423.78 000.00 000.00 000.00 000.00 004019 0.00
0005.0 0454.18 0437.29 000.00 000.00 000.00 000.00 004691 0.00
0006.0 0449.22 0449.71 000.00 000.00 000.00 000.00 006322 0.00
0007.0 0444.89 0459.28 000.00 000.00 000.00 000.00 001419 0.00
-------------------------------------------------------
FF_CA0001_20180614_074513_005_0535296.fits
Uncalibrated
CA0001 0001 0008 0025.00 000.0 000.0  00.0 012.1 0417.8 0020.7
0056.0 1008.18 0152.14 000.00 000.00 000.00 000.00 000223 0.00
0057.0 1011.50 0161.97 000.00 000.00 000.00 000.00 001164 0.00
0058.0 1016.00 0172.80 000.00 000.00 000.00 000.00 002179 0.00
0059.0 1020.87 0185.37 000.00 000.00 000.00 000.00 005315 0.00
0060.0 1025.17 0197.13 000.00 000.00 000.00 000.00 005620 0.00
0061.0 1029.66 0209.23 000.00 000.00 000.00 000.00 006875 0.00
0062.0 1033.98 0221.86 000.00 000.00 000.00 000.00 005161 0.00
0063.0 1037.58 0231.28 000.00 000.00 000.00 000.00 001474 0.00
-------------------------------------------------------
FF_CA0001_20180614_074655_161_0537856.fits
Uncalibrated
CA0001 0001 0009 0025.00 000.0 000.0  00.0 002.5 0048.2 0324.5
0000.0 0618.00 0472.89 000.00 000.00 000.00 000.00 002089 0.00
0001.0 0616.54 0475.96 000.00 000.00 000.00 000.00 000476 0.00
0002.0 0614.91 0477.98 000.00 000.00 000.00 000.00 001418 0.00
0003.0 0613.31 0480.31 000.00 000.00 000.00 000.00 002169 0.00
0004.0 0610.92 0482.28 000.00 000.00 000.00 000.00 002119 0.00
0005.0 0610.20 0484.98 000.00 000.00 000.00 000.00 003392 0.00
0006.0 0608.06 0487.20 000.00 000.00 000.00 000.00 001588 0.00
0007.0 0606.86 0489.22 000.00 000.00 000.00 000.00 000283 0.00
0008.0 0607.20 0489.86 000.00 000.00 000.00 000.00 000102 0.00
-------------------------------------------------------
FF_CA0001_20180614_075241_121_0545792.fits
Uncalibrated
CA0001 0001 0008 0025.00 000.0 000.0  00.0 009.8 0354.4 -150.3
0145.0 0281.81 0447.05 000.00 000.00 000.00 000.00 000560 0.00
0146.0 0286.27 0454.68 000.00 000.00 000.00 000.00 000802 0.00
0147.0 0290.88 0462.88 000.00 000.00 000.00 000.00 000703 0.00
0148.0 0295.68 0472.25 000.00 000.00 000.00 000.00 000981 0.00
0149.0 0300.16 0480.49 000.00 000.00 000.00 000.00 000434 0.00
0150.0 0304.93 0488.46 000.00 000.00 000.00 000.00 000215 0.00
0151.0 0310.86 0497.96 000.00 000.00 000.00 000.00 000424 0.00
0152.0 0315.74 0506.37 000.00 000.00 000.00 000.00 000509 0.00
-------------------------------------------------------
FF_CA0001_20180614_075653_346_0551424.fits
Uncalibrated
CA0001 0001 0010 0025.00 000.0 000.0  00.0 005.9 0024.0 0047.3
0052.0 0794.60 0470.37 000.00 000.00 000.00 000.00 000108 0.00
0053.0 0800.71 0475.12 000.00 000.00 000.00 000.00 000361 0.00
0054.0 0804.14 0478.65 000.00 000.00 000.00 000.00 000725 0.00
0055.0 0808.89 0483.42 000.00 000.00 000.00 000.00 001498 0.00
0056.0 0813.53 0487.32 000.00 000.00 000.00 000.00 001955 0.00
0057.0 0818.04 0491.58 000.00 000.00 000.00 000.00 000840 0.00
0058.0 0821.97 0495.12 000.00 000.00 000.00 000.00 001544 0.00
0059.0 0826.30 0499.42 000.00 000.00 000.00 000.00 000878 0.00
0060.0 0829.58 0501.35 000.00 000.00 000.00 000.00 000095 0.00
0061.0 0833.72 0506.31 000.00 000.00 000.00 000.00 000229 0.00
-------------------------------------------------------
FF_CA0001_20180614_081915_122_0583936.fits
Uncalibrated
CA0001 0001 0008 0025.00 000.0 000.0  00.0 002.5 0270.0 0182.1
0241.0 0372.98 0379.23 000.00 000.00 000.00 000.00 001200 0.00
0242.0 0371.03 0371.46 000.00 000.00 000.00 000.00 001332 0.00
0243.0 0369.57 0373.73 000.00 000.00 000.00 000.00 005513 0.00
0244.0 0370.37 0369.73 000.00 000.00 000.00 000.00 007237 0.00
0245.0 0369.90 0364.42 000.00 000.00 000.00 000.00 005060 0.00
0246.0 0369.24 0366.33 000.00 000.00 000.00 000.00 004492 0.00
0247.0 0371.91 0360.51 000.00 000.00 000.00 000.00 001359 0.00
0248.0 0370.12 0362.00 000.00 000.00 000.00 000.00 002058 0.00
