Meteor Count = 000034
-----------------------------------------------------
Processed with RMS 20180529_235125 aca7ccacb9f0d345a4716caee6245fa99cf3680c on 2018-06-19 03:13:19.735044 UTC
-----------------------------------------------------
FF  folder = /home/patrik/Desktop/CA0001_20180614_014042_812605_detected
CAL folder = /home/patrik/Desktop/CA0001_20180614_014042_812605_detected
-----------------------------------------------------
FF  file processed
CAL file processed
Cam# Meteor# #Segments fps hnr mle bin Pix/fm Rho Phi
Per segment:  Frame# Col Row RA Dec Azim Elev Inten Mag
-------------------------------------------------------
FF_CA0001_20180614_022048_922_0059392.fits
Calibrated with RMS on: 2018-06-19 03:13:19.703250 UTC
CA0001 01.0 0012 0025.00 000.0 000.0  00.0 006.4 0301.4 0141.1
9.0000 0542.93 0000.74 207.8860 +76.5522 000.0000 +00.0000 000759 3.03
10.0000 0538.69 0004.55 206.8437 +76.7086 000.0000 +00.0000 009696 0.27
11.0000 0533.04 0011.62 205.3230 +77.0139 000.0000 +00.0000 008298 0.43
12.0000 0526.64 0019.42 203.5262 +77.3355 000.0000 +00.0000 010541 0.18
13.0000 0520.53 0027.71 201.6716 +77.6721 000.0000 +00.0000 008733 0.38
14.0000 0514.26 0035.82 199.6938 +77.9813 000.0000 +00.0000 008230 0.44
15.0000 0508.02 0043.60 197.6507 +78.2580 000.0000 +00.0000 007293 0.58
16.0000 0502.57 0050.89 195.7419 +78.5099 000.0000 +00.0000 004895 1.01
17.0000 0497.82 0057.17 194.0191 +78.7141 000.0000 +00.0000 000718 3.09
18.0000 0497.69 0058.78 193.8197 +78.7890 000.0000 +00.0000 000244 4.26
19.0000 0494.49 0060.51 192.8927 +78.7996 000.0000 +00.0000 000110 5.13
21.0000 0492.48 0058.00 192.7085 +78.6329 000.0000 +00.0000 000098 5.25
-------------------------------------------------------
FF_CA0001_20180614_022941_788_0072704.fits
Calibrated with RMS on: 2018-06-19 03:13:19.703250 UTC
CA0001 01.0 0004 0025.00 000.0 000.0  00.0 004.9 0398.5 -075.1
38.0000 1032.50 0666.40 353.1601 +59.1831 000.0000 +00.0000 002231 1.86
39.0000 1041.18 0665.54 352.5277 +58.8523 000.0000 +00.0000 013549 -0.10
40.0000 1051.62 0662.19 351.6176 +58.5350 000.0000 +00.0000 006051 0.78
42.0000 1052.00 0666.00 351.8641 +58.3750 000.0000 +00.0000 000042 6.17
-------------------------------------------------------
FF_CA0001_20180614_023849_697_0085504.fits
Calibrated with RMS on: 2018-06-19 03:13:19.703250 UTC
CA0001 01.0 0022 0025.00 000.0 000.0  00.0 006.3 0417.5 0150.1
222.0000 0181.18 0321.90 125.8099 +68.6042 000.0000 +00.0000 000575 3.33
223.0000 0178.23 0327.29 125.1560 +68.4011 000.0000 +00.0000 000355 3.86
224.0000 0174.77 0332.64 124.5333 +68.1667 000.0000 +00.0000 002383 1.79
225.0000 0171.50 0338.30 123.8776 +67.9368 000.0000 +00.0000 002658 1.67
226.0000 0168.11 0343.27 123.3281 +67.7031 000.0000 +00.0000 001938 2.01
227.0000 0164.74 0348.99 122.6933 +67.4603 000.0000 +00.0000 002333 1.81
228.0000 0161.29 0355.00 122.0377 +67.2065 000.0000 +00.0000 003444 1.39
229.0000 0157.46 0360.67 121.4511 +66.9316 000.0000 +00.0000 002421 1.77
230.0000 0154.52 0366.17 120.8689 +66.7048 000.0000 +00.0000 001180 2.55
231.0000 0151.59 0370.38 120.4541 +66.4913 000.0000 +00.0000 001191 2.54
232.0000 0148.34 0377.39 119.7215 +66.2224 000.0000 +00.0000 001690 2.16
233.0000 0144.82 0383.56 119.1142 +65.9451 000.0000 +00.0000 000848 2.91
234.0000 0141.73 0388.93 118.5976 +65.6992 000.0000 +00.0000 002792 1.62
235.0000 0138.84 0394.23 118.0915 +65.4628 000.0000 +00.0000 003465 1.38
236.0000 0135.48 0399.42 117.6257 +65.1992 000.0000 +00.0000 003608 1.34
237.0000 0132.69 0405.05 117.0973 +64.9580 000.0000 +00.0000 002626 1.68
238.0000 0129.72 0410.68 116.5859 +64.7039 000.0000 +00.0000 002930 1.57
239.0000 0126.43 0416.50 116.0766 +64.4260 000.0000 +00.0000 001764 2.12
240.0000 0124.08 0421.30 115.6495 +64.2147 000.0000 +00.0000 001102 2.63
241.0000 0120.56 0427.38 115.1410 +63.9141 000.0000 +00.0000 001543 2.26
242.0000 0117.64 0431.22 114.8552 +63.6839 000.0000 +00.0000 000281 4.11
243.0000 0114.68 0436.84 114.3893 +63.4177 000.0000 +00.0000 000365 3.83
-------------------------------------------------------
FF_CA0001_20180614_025723_962_0113152.fits
Calibrated with RMS on: 2018-06-19 03:13:19.703250 UTC
CA0001 01.0 0009 0025.00 000.0 000.0  00.0 003.7 0039.6 0348.7
233.0000 0630.00 0614.00 041.6512 +72.2176 000.0000 +00.0000 000024 6.78
234.0000 0630.00 0615.00 041.6696 +72.1665 000.0000 +00.0000 000020 6.98
235.0000 0627.12 0621.17 042.2346 +71.8658 000.0000 +00.0000 000112 5.11
237.0000 0626.82 0627.56 042.3841 +71.5394 000.0000 +00.0000 000845 2.92
238.0000 0626.46 0631.21 042.4962 +71.3535 000.0000 +00.0000 000364 3.83
239.0000 0625.60 0633.81 042.6672 +71.2236 000.0000 +00.0000 000444 3.61
240.0000 0625.08 0638.61 042.8154 +70.9785 000.0000 +00.0000 000914 2.83
241.0000 0623.69 0640.42 043.0502 +70.8910 000.0000 +00.0000 000112 5.11
242.0000 0622.29 0646.55 043.3390 +70.5796 000.0000 +00.0000 000144 4.84
-------------------------------------------------------
FF_CA0001_20180614_030017_528_0117504.fits
Calibrated with RMS on: 2018-06-19 03:13:19.703250 UTC
CA0001 01.0 0007 0025.00 000.0 000.0  00.0 001.9 0314.8 -126.9
8.0000 0441.35 0604.69 072.4382 +71.1516 000.0000 +00.0000 000088 5.37
9.0000 0442.46 0605.65 072.2227 +71.1292 000.0000 +00.0000 000216 4.40
10.0000 0443.70 0605.95 072.0278 +71.1409 000.0000 +00.0000 000103 5.20
11.0000 0445.72 0608.00 071.6196 +71.0846 000.0000 +00.0000 000831 2.93
12.0000 0447.81 0609.73 071.2218 +71.0440 000.0000 +00.0000 000522 3.44
13.0000 0449.37 0611.27 070.9123 +71.0012 000.0000 +00.0000 000238 4.29
14.0000 0451.00 0611.00 070.6936 +71.0465 000.0000 +00.0000 000029 6.58
-------------------------------------------------------
FF_CA0001_20180614_030118_763_0119040.fits
Calibrated with RMS on: 2018-06-19 03:13:19.703250 UTC
CA0001 01.0 0004 0025.00 000.0 000.0  00.0 003.5 0363.3 -091.8
139.0000 0382.78 0715.98 074.0512 +64.4187 000.0000 +00.0000 007572 0.53
140.0000 0399.60 0717.50 072.1565 +64.7258 000.0000 +00.0000 007262 0.58
141.0000 0409.08 0714.47 071.2384 +65.0826 000.0000 +00.0000 001755 2.12
142.0000 0393.38 0715.00 072.9497 +64.7132 000.0000 +00.0000 000079 5.49
-------------------------------------------------------
FF_CA0001_20180614_030118_763_0119040.fits
Calibrated with RMS on: 2018-06-19 03:13:19.703250 UTC
CA0001 02.0 0004 0025.00 000.0 000.0  00.0 003.6 0370.9 0266.4
139.0000 0382.72 0716.03 074.0553 +64.4148 000.0000 +00.0000 007572 0.53
140.0000 0399.74 0717.60 072.1367 +64.7238 000.0000 +00.0000 007262 0.58
141.0000 0408.22 0715.20 071.3031 +65.0275 000.0000 +00.0000 001755 2.12
142.0000 0393.38 0715.00 072.9497 +64.7132 000.0000 +00.0000 000079 5.49
-------------------------------------------------------
FF_CA0001_20180614_031455_929_0139008.fits
Calibrated with RMS on: 2018-06-19 03:13:19.703250 UTC
CA0001 01.0 0005 0025.00 000.0 000.0  00.0 003.0 0010.0 0143.1
179.0000 0578.18 0425.36 056.4481 +81.7500 000.0000 +00.0000 000475 3.54
180.0000 0580.75 0423.25 055.6007 +81.8621 000.0000 +00.0000 000677 3.16
181.0000 0582.00 0420.88 055.2004 +81.9820 000.0000 +00.0000 000354 3.86
182.0000 0583.18 0418.29 054.8160 +82.1122 000.0000 +00.0000 000285 4.10
183.0000 0585.29 0415.93 054.0767 +82.2322 000.0000 +00.0000 000168 4.67
-------------------------------------------------------
FF_CA0001_20180614_032003_086_0146432.fits
Calibrated with RMS on: 2018-06-19 03:13:19.703250 UTC
CA0001 01.0 0016 0025.00 000.0 000.0  00.0 005.0 0091.0 0008.6
240.0000 0702.00 0154.00 280.2002 +82.3805 000.0000 +00.0000 000030 6.54
241.0000 0704.00 0162.63 283.1925 +82.5958 000.0000 +00.0000 000065 5.70
242.0000 0702.59 0165.08 283.5894 +82.7289 000.0000 +00.0000 000127 4.97
243.0000 0703.35 0171.42 285.7705 +82.8989 000.0000 +00.0000 000414 3.69
244.0000 0705.00 0176.00 287.6651 +82.9707 000.0000 +00.0000 000021 6.93
245.0000 0704.92 0179.94 288.9837 +83.0876 000.0000 +00.0000 000632 3.23
246.0000 0704.98 0184.61 290.6367 +83.2147 000.0000 +00.0000 000108 5.15
247.0000 0705.79 0189.38 292.5470 +83.3066 000.0000 +00.0000 000664 3.18
248.0000 0707.15 0195.24 295.0332 +83.3929 000.0000 +00.0000 001429 2.34
249.0000 0707.58 0199.67 296.8377 +83.4762 000.0000 +00.0000 002415 1.77
250.0000 0708.53 0205.01 299.1461 +83.5483 000.0000 +00.0000 002205 1.87
251.0000 0708.89 0209.76 301.1582 +83.6256 000.0000 +00.0000 001435 2.34
252.0000 0709.90 0213.98 303.0882 +83.6555 000.0000 +00.0000 000718 3.09
253.0000 0710.40 0218.59 305.1304 +83.7083 000.0000 +00.0000 000638 3.22
254.0000 0711.49 0223.50 307.4056 +83.7290 000.0000 +00.0000 000881 2.87
255.0000 0712.24 0228.36 309.6327 +83.7555 000.0000 +00.0000 000291 4.07
-------------------------------------------------------
FF_CA0001_20180614_032228_879_0150016.fits
Calibrated with RMS on: 2018-06-19 03:13:19.703250 UTC
CA0001 01.0 0008 0025.00 000.0 000.0  00.0 013.7 0021.2 0248.4
136.0000 0608.34 0370.11 044.7353 +84.4124 000.0000 +00.0000 000199 4.49
137.0000 0596.56 0365.85 050.5559 +84.6861 000.0000 +00.0000 000438 3.63
138.0000 0583.31 0360.54 057.7864 +84.9475 000.0000 +00.0000 000808 2.96
139.0000 0572.71 0355.87 064.0930 +85.1145 000.0000 +00.0000 000388 3.76
140.0000 0559.06 0350.73 072.5736 +85.1960 000.0000 +00.0000 001114 2.62
141.0000 0545.13 0345.80 081.2598 +85.1548 000.0000 +00.0000 001061 2.67
142.0000 0533.57 0340.45 088.6443 +85.0898 000.0000 +00.0000 000277 4.13
143.0000 0519.18 0334.66 097.0813 +84.8681 000.0000 +00.0000 000564 3.35
-------------------------------------------------------
FF_CA0001_20180614_034031_943_0176640.fits
Calibrated with RMS on: 2018-06-19 03:13:19.703250 UTC
CA0001 01.0 0004 0025.00 000.0 000.0  00.0 012.6 0267.9 0107.4
87.0000 0022.91 0272.39 149.0766 +59.4366 000.0000 +00.0000 001326 2.43
88.0000 0033.30 0268.62 149.4030 +60.0766 000.0000 +00.0000 017881 -0.40
89.0000 0047.90 0264.06 149.8085 +60.9673 000.0000 +00.0000 017667 -0.39
90.0000 0059.09 0261.82 150.0026 +61.6451 000.0000 +00.0000 000654 3.19
-------------------------------------------------------
FF_CA0001_20180614_034031_943_0176640.fits
Calibrated with RMS on: 2018-06-19 03:13:19.703250 UTC
CA0001 02.0 0005 0025.00 000.0 000.0  00.0 017.0 0244.6 0072.3
126.0000 1048.21 0234.21 324.5559 +66.7878 000.0000 +00.0000 001862 2.06
127.0000 1061.30 0238.18 325.0952 +66.0960 000.0000 +00.0000 025218 -0.77
128.0000 1081.40 0244.37 325.8758 +65.0214 000.0000 +00.0000 030549 -0.98
129.0000 1099.29 0249.92 326.5206 +64.0522 000.0000 +00.0000 016933 -0.34
130.0000 1113.42 0252.98 326.8488 +63.2756 000.0000 +00.0000 000136 4.90
-------------------------------------------------------
FF_CA0001_20180614_034326_835_0180480.fits
Calibrated with RMS on: 2018-06-19 03:13:19.703250 UTC
CA0001 01.0 0004 0025.00 000.0 000.0  00.0 006.0 0131.2 0085.2
74.0000 1212.03 0277.54 329.6937 +57.6603 000.0000 +00.0000 004256 1.16
75.0000 1218.12 0277.11 329.6184 +57.3016 000.0000 +00.0000 013432 -0.09
76.0000 1226.31 0276.78 329.5414 +56.8170 000.0000 +00.0000 011199 0.11
77.0000 1230.00 0278.00 329.6326 +56.5978 000.0000 +00.0000 000023 6.83
-------------------------------------------------------
FF_CA0001_20180614_035454_745_0196608.fits
Calibrated with RMS on: 2018-06-19 03:13:19.703250 UTC
CA0001 01.0 0006 0025.00 000.0 000.0  00.0 003.4 0341.3 -088.2
39.0000 0333.40 0708.93 092.9445 +63.4688 000.0000 +00.0000 001822 2.08
40.0000 0335.00 0708.00 092.8357 +63.5593 000.0000 +00.0000 000056 5.86
48.0000 0363.81 0709.37 089.8102 +64.2768 000.0000 +00.0000 002701 1.65
49.0000 0366.00 0708.00 089.6494 +64.4003 000.0000 +00.0000 000044 6.12
57.0000 0394.78 0709.34 086.4780 +65.0287 000.0000 +00.0000 002586 1.70
58.0000 0398.85 0709.54 086.0187 +65.1100 000.0000 +00.0000 000971 2.76
-------------------------------------------------------
FF_CA0001_20180614_041829_629_0231936.fits
Calibrated with RMS on: 2018-06-19 03:13:19.703250 UTC
CA0001 01.0 0020 0025.00 000.0 000.0  00.0 001.8 0174.0 -100.6
133.0000 0286.00 0470.00 124.5115 +71.2648 000.0000 +00.0000 000023 6.83
134.0000 0288.39 0470.29 124.2537 +71.3626 000.0000 +00.0000 000099 5.24
135.0000 0290.23 0471.15 123.9728 +71.4187 000.0000 +00.0000 000355 3.86
136.0000 0291.81 0471.65 123.7607 +71.4736 000.0000 +00.0000 000282 4.11
137.0000 0293.22 0471.69 123.6220 +71.5345 000.0000 +00.0000 000139 4.87
138.0000 0296.67 0474.56 122.9273 +71.5991 000.0000 +00.0000 000046 6.08
139.0000 0297.06 0472.50 123.1506 +71.6785 000.0000 +00.0000 000612 3.27
140.0000 0299.36 0471.00 123.1185 +71.8241 000.0000 +00.0000 000070 5.62
141.0000 0300.52 0473.49 122.6871 +71.7990 000.0000 +00.0000 000900 2.85
142.0000 0302.59 0473.65 122.4622 +71.8836 000.0000 +00.0000 000699 3.12
143.0000 0304.00 0473.77 122.3065 +71.9408 000.0000 +00.0000 000319 3.97
144.0000 0306.25 0475.04 121.9187 +71.9982 000.0000 +00.0000 000585 3.31
145.0000 0307.19 0474.40 121.9052 +72.0583 000.0000 +00.0000 000742 3.06
146.0000 0309.43 0476.16 121.4526 +72.0990 000.0000 +00.0000 000259 4.20
147.0000 0311.68 0474.67 121.4110 +72.2413 000.0000 +00.0000 000290 4.08
148.0000 0314.02 0475.47 121.0654 +72.3153 000.0000 +00.0000 000438 3.63
149.0000 0313.34 0476.16 121.0484 +72.2647 000.0000 +00.0000 000538 3.41
150.0000 0316.00 0476.54 120.7208 +72.3647 000.0000 +00.0000 000180 4.59
152.0000 0319.81 0476.80 120.2821 +72.5159 000.0000 +00.0000 000524 3.43
153.0000 0321.98 0478.00 119.8947 +72.5674 000.0000 +00.0000 000106 5.17
-------------------------------------------------------
FF_CA0001_20180614_042022_014_0234752.fits
Calibrated with RMS on: 2018-06-19 03:13:19.703250 UTC
CA0001 01.0 0008 0025.00 000.0 000.0  00.0 002.8 0119.3 -127.9
146.0000 0769.57 0611.00 041.6470 +70.2961 000.0000 +00.0000 000054 5.90
147.0000 0770.84 0613.14 041.6234 +70.1674 000.0000 +00.0000 000342 3.90
150.0000 0777.98 0618.38 041.0547 +69.7561 000.0000 +00.0000 000238 4.29
151.0000 0780.52 0620.55 040.8777 +69.5950 000.0000 +00.0000 000582 3.32
152.0000 0782.02 0621.51 040.7534 +69.5144 000.0000 +00.0000 000080 5.47
153.0000 0783.55 0623.99 040.7259 +69.3629 000.0000 +00.0000 000084 5.42
154.0000 0784.52 0623.84 040.5963 +69.3462 000.0000 +00.0000 000185 4.56
155.0000 0790.00 0626.49 040.0987 +69.0896 000.0000 +00.0000 000059 5.81
-------------------------------------------------------
FF_CA0001_20180614_044757_240_0274944.fits
Calibrated with RMS on: 2018-06-19 03:13:19.703250 UTC
CA0001 01.0 0009 0025.00 000.0 000.0  00.0 014.9 0234.7 0115.6
35.0000 0598.99 0119.10 259.0400 +83.0025 000.0000 +00.0000 000721 3.09
36.0000 0587.06 0125.00 254.1590 +83.3128 000.0000 +00.0000 001760 2.12
37.0000 0574.99 0131.28 248.7637 +83.5868 000.0000 +00.0000 002182 1.89
38.0000 0561.27 0137.37 242.2235 +83.7689 000.0000 +00.0000 002270 1.84
39.0000 0546.68 0144.50 234.8364 +83.8978 000.0000 +00.0000 002698 1.65
40.0000 0532.88 0150.76 227.7764 +83.8993 000.0000 +00.0000 002839 1.60
41.0000 0519.87 0157.50 220.9904 +83.8499 000.0000 +00.0000 002051 1.95
42.0000 0506.63 0164.02 214.3908 +83.6981 000.0000 +00.0000 000340 3.90
43.0000 0491.53 0170.93 207.5155 +83.4082 000.0000 +00.0000 000344 3.89
-------------------------------------------------------
FF_CA0001_20180614_045327_011_0283136.fits
Calibrated with RMS on: 2018-06-19 03:13:19.703250 UTC
CA0001 01.0 0004 0025.00 000.0 000.0  00.0 008.6 0126.2 0312.7
131.0000 1084.40 0121.38 329.9518 +63.6553 000.0000 +00.0000 001242 2.50
132.0000 1078.24 0127.43 330.4612 +64.0849 000.0000 +00.0000 002756 1.63
133.0000 1072.51 0132.43 330.8761 +64.4711 000.0000 +00.0000 003330 1.43
134.0000 1065.51 0138.95 331.4453 +64.9452 000.0000 +00.0000 002991 1.54
-------------------------------------------------------
FF_CA0001_20180614_051003_630_0307968.fits
Calibrated with RMS on: 2018-06-19 03:13:19.703250 UTC
CA0001 01.0 0009 0025.00 000.0 000.0  00.0 006.3 0368.4 0161.6
1.0000 0233.35 0416.32 148.5367 +70.0927 000.0000 +00.0000 000257 4.21
2.0000 0231.12 0422.72 147.8301 +69.8469 000.0000 +00.0000 001244 2.50
3.0000 0228.65 0428.53 147.2320 +69.5982 000.0000 +00.0000 002413 1.78
4.0000 0226.90 0434.23 146.6151 +69.3851 000.0000 +00.0000 001950 2.01
5.0000 0224.70 0440.27 145.9978 +69.1389 000.0000 +00.0000 003098 1.50
6.0000 0222.37 0446.13 145.4254 +68.8874 000.0000 +00.0000 002519 1.73
7.0000 0220.85 0452.10 144.7985 +68.6707 000.0000 +00.0000 000945 2.79
8.0000 0218.55 0458.59 144.1750 +68.3996 000.0000 +00.0000 001254 2.49
9.0000 0217.07 0464.08 143.6275 +68.1906 000.0000 +00.0000 000234 4.31
-------------------------------------------------------
FF_CA0001_20180614_054227_915_0356608.fits
Calibrated with RMS on: 2018-06-19 03:13:19.703250 UTC
CA0001 01.0 0004 0025.00 000.0 000.0  00.0 005.6 0345.8 0143.1
191.0000 0158.64 0425.13 159.7034 +66.0312 000.0000 +00.0000 006764 0.66
192.0000 0154.17 0431.37 159.2092 +65.6736 000.0000 +00.0000 008173 0.45
193.0000 0150.11 0435.90 158.8989 +65.3683 000.0000 +00.0000 002889 1.58
194.0000 0149.00 0439.00 158.6095 +65.2479 000.0000 +00.0000 000031 6.50
-------------------------------------------------------
FF_CA0001_20180614_060749_052_0394240.fits
Calibrated with RMS on: 2018-06-19 03:13:19.703250 UTC
CA0001 01.0 0010 0025.00 000.0 000.0  00.0 004.9 0282.4 -140.8
129.0000 0351.96 0453.30 147.1951 +74.5938 000.0000 +00.0000 000129 4.96
130.0000 0353.67 0456.00 146.5998 +74.5763 000.0000 +00.0000 000373 3.80
131.0000 0357.74 0460.30 145.4861 +74.5985 000.0000 +00.0000 000681 3.15
132.0000 0360.60 0463.94 144.6168 +74.5896 000.0000 +00.0000 000677 3.16
133.0000 0364.58 0467.98 143.5491 +74.6066 000.0000 +00.0000 000273 4.14
134.0000 0367.10 0471.64 142.7246 +74.5760 000.0000 +00.0000 000180 4.59
135.0000 0369.41 0475.28 141.9346 +74.5350 000.0000 +00.0000 000616 3.26
136.0000 0373.02 0478.90 140.9758 +74.5398 000.0000 +00.0000 000546 3.39
137.0000 0376.58 0483.57 139.8909 +74.4997 000.0000 +00.0000 001090 2.64
138.0000 0379.13 0488.18 138.9607 +74.4203 000.0000 +00.0000 000093 5.31
-------------------------------------------------------
FF_CA0001_20180614_062453_133_0419072.fits
Calibrated with RMS on: 2018-06-19 03:13:19.703250 UTC
CA0001 01.0 0006 0025.00 000.0 000.0  00.0 002.8 0164.9 -145.0
111.0000 0359.90 0246.46 193.6266 +78.3955 000.0000 +00.0000 000203 4.46
112.0000 0360.55 0248.04 193.2405 +78.4348 000.0000 +00.0000 000728 3.08
113.0000 0362.62 0251.36 192.4240 +78.5520 000.0000 +00.0000 000791 2.99
114.0000 0364.74 0254.83 191.5537 +78.6696 000.0000 +00.0000 000181 4.59
115.0000 0366.00 0255.50 191.3839 +78.7361 000.0000 +00.0000 000056 5.86
116.0000 0367.50 0258.28 190.6696 +78.8174 000.0000 +00.0000 000145 4.83
-------------------------------------------------------
FF_CA0001_20180614_062724_738_0422656.fits
Calibrated with RMS on: 2018-06-19 03:13:19.703250 UTC
CA0001 01.0 0014 0025.00 000.0 000.0  00.0 011.1 0107.9 0146.9
196.0000 0431.12 0484.59 136.2364 +76.2647 000.0000 +00.0000 001630 2.20
197.0000 0425.40 0493.53 136.1696 +75.7261 000.0000 +00.0000 008415 0.42
198.0000 0419.56 0502.21 136.1568 +75.1930 000.0000 +00.0000 011562 0.07
199.0000 0413.15 0511.53 136.1670 +74.6145 000.0000 +00.0000 014829 -0.20
200.0000 0406.67 0521.13 136.1600 +74.0203 000.0000 +00.0000 016163 -0.29
201.0000 0400.15 0530.53 136.1804 +73.4309 000.0000 +00.0000 019137 -0.47
202.0000 0394.16 0539.88 136.1311 +72.8573 000.0000 +00.0000 019206 -0.48
203.0000 0387.95 0549.14 136.1245 +72.2786 000.0000 +00.0000 019876 -0.51
204.0000 0381.99 0559.04 136.0294 +71.6780 000.0000 +00.0000 019199 -0.48
205.0000 0375.47 0568.34 136.0651 +71.0831 000.0000 +00.0000 018853 -0.46
206.0000 0369.31 0577.81 136.0408 +70.4894 000.0000 +00.0000 019209 -0.48
207.0000 0363.10 0587.61 135.9984 +69.8771 000.0000 +00.0000 016986 -0.34
208.0000 0357.09 0596.96 135.9715 +69.2874 000.0000 +00.0000 013442 -0.09
209.0000 0351.96 0604.66 135.9722 +68.7940 000.0000 +00.0000 003687 1.32
-------------------------------------------------------
FF_CA0001_20180614_063947_542_0440320.fits
Calibrated with RMS on: 2018-06-19 03:13:19.703250 UTC
CA0001 01.0 0007 0025.00 000.0 000.0  00.0 014.4 0042.6 0292.5
1.0000 1085.14 0221.42 008.0894 +64.7222 000.0000 +00.0000 001929 2.02
2.0000 1074.07 0226.08 008.5835 +65.3512 000.0000 +00.0000 003128 1.49
3.0000 1062.72 0230.96 009.1249 +65.9906 000.0000 +00.0000 004180 1.18
4.0000 1049.24 0236.54 009.7729 +66.7413 000.0000 +00.0000 002258 1.85
5.0000 1036.59 0241.74 010.4092 +67.4381 000.0000 +00.0000 001275 2.47
6.0000 1021.91 0247.84 011.1999 +68.2379 000.0000 +00.0000 001003 2.73
7.0000 1005.13 0254.00 012.0534 +69.1387 000.0000 +00.0000 000071 5.60
-------------------------------------------------------
FF_CA0001_20180614_064617_625_0450048.fits
Calibrated with RMS on: 2018-06-19 03:13:19.703250 UTC
CA0001 01.0 0005 0025.00 000.0 000.0  00.0 012.6 0577.0 0141.1
159.0000 0034.48 0193.66 203.5656 +59.7720 000.0000 +00.0000 001111 2.62
160.0000 0026.12 0202.06 202.6602 +59.3284 000.0000 +00.0000 005713 0.84
161.0000 0017.68 0212.84 201.5460 +58.8854 000.0000 +00.0000 017459 -0.37
162.0000 0008.29 0224.29 200.3942 +58.3708 000.0000 +00.0000 015782 -0.26
163.0000 0002.40 0232.46 199.5953 +58.0436 000.0000 +00.0000 002089 1.93
-------------------------------------------------------
FF_CA0001_20180614_065408_903_0461312.fits
Calibrated with RMS on: 2018-06-19 03:13:19.703250 UTC
CA0001 01.0 0005 0025.00 000.0 000.0  00.0 009.4 0430.1 0355.9
251.0000 1076.68 0278.67 018.5451 +65.3076 000.0000 +00.0000 000077 5.52
252.0000 1076.53 0288.90 019.7700 +65.2981 000.0000 +00.0000 000700 3.12
253.0000 1076.07 0296.61 020.6954 +65.3019 000.0000 +00.0000 001475 2.31
254.0000 1074.75 0306.73 021.9189 +65.3353 000.0000 +00.0000 002296 1.83
255.0000 1074.18 0316.36 023.0726 +65.3190 000.0000 +00.0000 001642 2.19
-------------------------------------------------------
FF_CA0001_20180614_072042_983_0500224.fits
Calibrated with RMS on: 2018-06-19 03:13:19.703250 UTC
CA0001 01.0 0008 0025.00 000.0 000.0  00.0 010.4 0099.7 0153.4
171.0000 0687.96 0041.38 317.3177 +77.9673 000.0000 +00.0000 001689 2.16
172.0000 0683.59 0049.97 317.2531 +78.4689 000.0000 +00.0000 004216 1.17
173.0000 0679.16 0058.61 317.1707 +78.9724 000.0000 +00.0000 006138 0.76
174.0000 0674.24 0068.63 317.1151 +79.5497 000.0000 +00.0000 006379 0.72
175.0000 0669.59 0077.97 317.0362 +80.0871 000.0000 +00.0000 007724 0.51
176.0000 0664.69 0087.43 316.8893 +80.6332 000.0000 +00.0000 004262 1.16
177.0000 0660.05 0096.46 316.7386 +81.1519 000.0000 +00.0000 001502 2.29
178.0000 0655.20 0106.66 316.6634 +81.7283 000.0000 +00.0000 000269 4.16
-------------------------------------------------------
FF_CA0001_20180614_072042_983_0500224.fits
Calibrated with RMS on: 2018-06-19 03:13:19.703250 UTC
CA0001 02.0 0006 0025.00 000.0 000.0  00.0 013.0 0112.6 -168.9
197.0000 0482.00 0138.44 252.1678 +81.8717 000.0000 +00.0000 000048 6.03
198.0000 0483.38 0147.61 250.2848 +82.2696 000.0000 +00.0000 002476 1.75
199.0000 0486.11 0159.25 247.8713 +82.7954 000.0000 +00.0000 000572 3.34
200.0000 0488.34 0174.49 243.7739 +83.4048 000.0000 +00.0000 000468 3.56
201.0000 0491.31 0186.68 240.2593 +83.9100 000.0000 +00.0000 000628 3.24
203.0000 0496.75 0214.75 229.3422 +84.8867 000.0000 +00.0000 000210 4.43
-------------------------------------------------------
FF_CA0001_20180614_072843_240_0512000.fits
Calibrated with RMS on: 2018-06-19 03:13:19.703250 UTC
CA0001 01.0 0006 0025.00 000.0 000.0  00.0 012.3 0142.9 0157.8
2.0000 0468.48 0402.56 156.4109 +80.6728 000.0000 +00.0000 000683 3.15
3.0000 0464.68 0411.88 155.5402 +80.1946 000.0000 +00.0000 001281 2.46
4.0000 0459.44 0423.78 154.6302 +79.5678 000.0000 +00.0000 004019 1.22
5.0000 0454.18 0437.29 153.5804 +78.8729 000.0000 +00.0000 004691 1.05
6.0000 0449.22 0449.71 152.7503 +78.2258 000.0000 +00.0000 006322 0.73
7.0000 0444.89 0459.28 152.2680 +77.7092 000.0000 +00.0000 001419 2.35
-------------------------------------------------------
FF_CA0001_20180614_074513_005_0535296.fits
Calibrated with RMS on: 2018-06-19 03:13:19.703250 UTC
CA0001 01.0 0008 0025.00 000.0 000.0  00.0 012.1 0417.8 0020.7
56.0000 1008.18 0152.14 014.5258 +68.1550 000.0000 +00.0000 000223 4.36
57.0000 1011.50 0161.97 015.9186 +68.1190 000.0000 +00.0000 001164 2.57
58.0000 1016.00 0172.80 017.4640 +68.0194 000.0000 +00.0000 002179 1.89
59.0000 1020.87 0185.37 019.2295 +67.9016 000.0000 +00.0000 005315 0.92
60.0000 1025.17 0197.13 020.8568 +67.7851 000.0000 +00.0000 005620 0.86
61.0000 1029.66 0209.23 022.5107 +67.6422 000.0000 +00.0000 006875 0.64
62.0000 1033.98 0221.86 024.2086 +67.4919 000.0000 +00.0000 005161 0.95
63.0000 1037.58 0231.28 025.4603 +67.3461 000.0000 +00.0000 001474 2.31
-------------------------------------------------------
FF_CA0001_20180614_074655_161_0537856.fits
Calibrated with RMS on: 2018-06-19 03:13:19.703250 UTC
CA0001 01.0 0009 0025.00 000.0 000.0  00.0 002.5 0048.2 0324.5
0.0000 0618.00 0472.89 113.1091 +79.3395 000.0000 +00.0000 002089 1.93
1.0000 0616.54 0475.96 113.5977 +79.1975 000.0000 +00.0000 000476 3.54
2.0000 0614.91 0477.98 114.0860 +79.1073 000.0000 +00.0000 001418 2.35
3.0000 0613.31 0480.31 114.5672 +79.0008 000.0000 +00.0000 002169 1.89
4.0000 0610.92 0482.28 115.2321 +78.9149 000.0000 +00.0000 002119 1.92
5.0000 0610.20 0484.98 115.4801 +78.7846 000.0000 +00.0000 003392 1.41
6.0000 0608.06 0487.20 116.0678 +78.6833 000.0000 +00.0000 001588 2.23
7.0000 0606.86 0489.22 116.4077 +78.5876 000.0000 +00.0000 000283 4.10
8.0000 0607.20 0489.86 116.3356 +78.5547 000.0000 +00.0000 000102 5.21
-------------------------------------------------------
FF_CA0001_20180614_075241_121_0545792.fits
Calibrated with RMS on: 2018-06-19 03:13:19.703250 UTC
CA0001 01.0 0008 0025.00 000.0 000.0  00.0 009.8 0354.4 -150.3
145.0000 0281.81 0447.05 181.5825 +71.7161 000.0000 +00.0000 000560 3.36
146.0000 0286.27 0454.68 180.1694 +71.7134 000.0000 +00.0000 000802 2.97
147.0000 0290.88 0462.88 178.6709 +71.6895 000.0000 +00.0000 000703 3.11
148.0000 0295.68 0472.25 177.0117 +71.6257 000.0000 +00.0000 000981 2.75
149.0000 0300.16 0480.49 175.5386 +71.5675 000.0000 +00.0000 000434 3.64
150.0000 0304.93 0488.46 174.0801 +71.5175 000.0000 +00.0000 000215 4.40
151.0000 0310.86 0497.96 172.3291 +71.4518 000.0000 +00.0000 000424 3.66
152.0000 0315.74 0506.37 170.8317 +71.3638 000.0000 +00.0000 000509 3.47
-------------------------------------------------------
FF_CA0001_20180614_075653_346_0551424.fits
Calibrated with RMS on: 2018-06-19 03:13:19.703250 UTC
CA0001 01.0 0010 0025.00 000.0 000.0  00.0 005.9 0024.0 0047.3
52.0000 0794.60 0470.37 078.7704 +75.4451 000.0000 +00.0000 000108 5.15
53.0000 0800.71 0475.12 078.5575 +75.0607 000.0000 +00.0000 000361 3.84
54.0000 0804.14 0478.65 078.5559 +74.8135 000.0000 +00.0000 000725 3.08
55.0000 0808.89 0483.42 078.5383 +74.4748 000.0000 +00.0000 001498 2.29
56.0000 0813.53 0487.32 078.4261 +74.1709 000.0000 +00.0000 001955 2.00
57.0000 0818.04 0491.58 078.3789 +73.8580 000.0000 +00.0000 000840 2.92
58.0000 0821.97 0495.12 078.3182 +73.5911 000.0000 +00.0000 001544 2.26
59.0000 0826.30 0499.42 078.3011 +73.2821 000.0000 +00.0000 000878 2.87
60.0000 0829.58 0501.35 078.1313 +73.0956 000.0000 +00.0000 000095 5.29
61.0000 0833.72 0506.31 078.2173 +72.7687 000.0000 +00.0000 000229 4.33
-------------------------------------------------------
FF_CA0001_20180614_081915_122_0583936.fits
Calibrated with RMS on: 2018-06-19 03:13:19.703250 UTC
CA0001 01.0 0008 0025.00 000.0 000.0  00.0 002.5 0270.0 0182.1
241.0000 0372.98 0379.23 190.2507 +77.5961 000.0000 +00.0000 001200 2.53
242.0000 0371.03 0371.46 192.0540 +77.6890 000.0000 +00.0000 001332 2.42
243.0000 0369.57 0373.73 191.7507 +77.5702 000.0000 +00.0000 005513 0.88
244.0000 0370.37 0369.73 192.4843 +77.6976 000.0000 +00.0000 007237 0.58
245.0000 0369.90 0364.42 193.6446 +77.7920 000.0000 +00.0000 005060 0.97
246.0000 0369.24 0366.33 193.3138 +77.7201 000.0000 +00.0000 004492 1.10
247.0000 0371.91 0360.51 194.2660 +77.9687 000.0000 +00.0000 001359 2.40
248.0000 0370.12 0362.00 194.1346 +77.8536 000.0000 +00.0000 002058 1.95
