Meteor Count = 000006
-----------------------------------------------------
Processed with RMS 20180622_230027 3ac859d249f777c2c7d09b47a14f6f3c80fd98fb on 2018-06-22 21:04:54.414863 UTC
-----------------------------------------------------
FF  folder = /home/patrik/Workspace/RollingComp/Data/allRMS/CA0001_20180614_014042_812605_detected/
CAL folder = /home/patrik/Workspace/RollingComp/Data/allRMS/CA0001_20180614_014042_812605_detected/
-----------------------------------------------------
FF  file processed
CAL file processed
Cam# Meteor# #Segments fps hnr mle bin Pix/fm Rho Phi
Per segment:  Frame# Col Row RA Dec Azim Elev Inten Mag
-------------------------------------------------------
FF_CA0001_20180614_060749_052_0394240.fits
Uncalibrated
CA0001 01.0 0010 0025.00 000.0 000.0  00.0 004.9 0282.4 -140.8
129.6296 0351.96 0453.30 147.1951 +74.5938 000.0000 +00.0000 000129 4.96
130.6333 0353.67 0456.00 146.5998 +74.5763 000.0000 +00.0000 000373 3.80
131.6393 0357.74 0460.30 145.4861 +74.5985 000.0000 +00.0000 000681 3.15
132.6444 0360.60 0463.94 144.6168 +74.5896 000.0000 +00.0000 000677 3.16
133.6500 0364.58 0467.98 143.5491 +74.6066 000.0000 +00.0000 000273 4.14
134.6551 0367.10 0471.64 142.7246 +74.5760 000.0000 +00.0000 000180 4.59
135.6601 0369.41 0475.28 141.9346 +74.5350 000.0000 +00.0000 000616 3.26
136.6651 0373.02 0478.90 140.9758 +74.5398 000.0000 +00.0000 000546 3.39
137.6716 0376.58 0483.57 139.8909 +74.4997 000.0000 +00.0000 001090 2.64
138.6780 0379.13 0488.18 138.9607 +74.4203 000.0000 +00.0000 000093 5.31
-------------------------------------------------------
FF_CA0001_20180614_062724_738_0422656.fits
Uncalibrated
CA0001 01.0 0014 0025.00 000.0 000.0  00.0 010.9 0107.9 0146.9
196.6730 0431.12 0484.59 136.2364 +76.2647 000.0000 +00.0000 001630 2.20
197.6855 0425.40 0493.53 136.1696 +75.7261 000.0000 +00.0000 008415 0.42
198.6975 0419.56 0502.21 136.1568 +75.1930 000.0000 +00.0000 011562 0.07
199.7105 0413.15 0511.53 136.1670 +74.6145 000.0000 +00.0000 014829 -0.20
200.7238 0406.67 0521.13 136.1600 +74.0203 000.0000 +00.0000 016163 -0.29
201.7368 0400.15 0530.53 136.1804 +73.4309 000.0000 +00.0000 019137 -0.47
202.7498 0394.16 0539.88 136.1311 +72.8573 000.0000 +00.0000 019206 -0.48
203.7627 0387.95 0549.14 136.1245 +72.2786 000.0000 +00.0000 019876 -0.51
204.7764 0381.99 0559.04 136.0294 +71.6780 000.0000 +00.0000 019199 -0.48
205.7894 0375.47 0568.34 136.0651 +71.0831 000.0000 +00.0000 018853 -0.46
206.8025 0369.31 0577.81 136.0408 +70.4894 000.0000 +00.0000 019209 -0.48
207.8161 0363.10 0587.61 135.9984 +69.8771 000.0000 +00.0000 016986 -0.34
208.8291 0357.09 0596.96 135.9715 +69.2874 000.0000 +00.0000 013442 -0.09
209.8398 0351.96 0604.66 135.9722 +68.7940 000.0000 +00.0000 003687 1.32
-------------------------------------------------------
FF_CA0001_20180614_064617_625_0450048.fits
Uncalibrated
CA0001 01.0 0005 0025.00 000.0 000.0  00.0 012.4 0577.0 0141.1
159.2690 0034.48 0193.66 203.5656 +59.7720 000.0000 +00.0000 001111 2.62
160.2806 0026.12 0202.06 202.6602 +59.3284 000.0000 +00.0000 005713 0.84
161.2956 0017.68 0212.84 201.5460 +58.8854 000.0000 +00.0000 017459 -0.37
162.3115 0008.29 0224.29 200.3942 +58.3708 000.0000 +00.0000 015782 -0.26
163.3229 0002.40 0232.46 199.5953 +58.0436 000.0000 +00.0000 002089 1.93
-------------------------------------------------------
FF_CA0001_20180614_072843_240_0512000.fits
Uncalibrated
CA0001 01.0 0006 0025.00 000.0 000.0  00.0 012.1 0142.9 0157.8
2.5591 0468.48 0402.56 156.4109 +80.6728 000.0000 +00.0000 000683 3.15
3.5721 0464.68 0411.88 155.5402 +80.1946 000.0000 +00.0000 001281 2.46
4.5886 0459.44 0423.78 154.6302 +79.5678 000.0000 +00.0000 004019 1.22
5.6073 0454.18 0437.29 153.5804 +78.8729 000.0000 +00.0000 004691 1.05
6.6246 0449.22 0449.71 152.7503 +78.2258 000.0000 +00.0000 006322 0.73
7.6379 0444.89 0459.28 152.2680 +77.7092 000.0000 +00.0000 001419 2.35
-------------------------------------------------------
FF_CA0001_20180614_074655_161_0537856.fits
Uncalibrated
CA0001 01.0 0009 0025.00 000.0 000.0  00.0 002.5 0048.2 0324.5
0.6568 0618.00 0472.89 113.1091 +79.3395 000.0000 +00.0000 002089 1.93
1.6611 0616.54 0475.96 113.5977 +79.1975 000.0000 +00.0000 000476 3.54
2.6639 0614.91 0477.98 114.0860 +79.1073 000.0000 +00.0000 001418 2.35
3.6671 0613.31 0480.31 114.5672 +79.0008 000.0000 +00.0000 002169 1.89
4.6698 0610.92 0482.28 115.2321 +78.9149 000.0000 +00.0000 002119 1.92
5.6736 0610.20 0484.98 115.4801 +78.7846 000.0000 +00.0000 003392 1.41
6.6767 0608.06 0487.20 116.0678 +78.6833 000.0000 +00.0000 001588 2.23
7.6795 0606.86 0489.22 116.4077 +78.5876 000.0000 +00.0000 000283 4.10
8.6804 0607.20 0489.86 116.3356 +78.5547 000.0000 +00.0000 000102 5.21
-------------------------------------------------------
FF_CA0001_20180614_075241_121_0545792.fits
Uncalibrated
CA0001 01.0 0008 0025.00 000.0 000.0  00.0 009.6 0354.4 -150.3
145.6209 0281.81 0447.05 181.5825 +71.7161 000.0000 +00.0000 000560 3.36
146.6315 0286.27 0454.68 180.1694 +71.7134 000.0000 +00.0000 000802 2.97
147.6429 0290.88 0462.88 178.6709 +71.6895 000.0000 +00.0000 000703 3.11
148.6559 0295.68 0472.25 177.0117 +71.6257 000.0000 +00.0000 000981 2.75
149.6673 0300.16 0480.49 175.5386 +71.5675 000.0000 +00.0000 000434 3.64
150.6784 0304.93 0488.46 174.0801 +71.5175 000.0000 +00.0000 000215 4.40
151.6916 0310.86 0497.96 172.3291 +71.4518 000.0000 +00.0000 000424 3.66
152.7033 0315.74 0506.37 170.8317 +71.3638 000.0000 +00.0000 000509 3.47
