Meteor Count = 000006
-----------------------------------------------------
Processed with RMS 20180619_054045 8057721f03d8c48b50d1c38ed3d3b61e403813db on 2018-06-20 06:47:44.954358 UTC
-----------------------------------------------------
FF  folder = /home/patrik/Desktop/data/CA0001_20180614_014042_812605_detected/
CAL folder = /home/patrik/Desktop/data/CA0001_20180614_014042_812605_detected/
-----------------------------------------------------
FF  file processed
CAL file processed
Cam# Meteor# #Segments fps hnr mle bin Pix/fm Rho Phi
Per segment:  Frame# Col Row RA Dec Azim Elev Inten Mag
-------------------------------------------------------
FF_CA0001_20180614_060749_052_0394240.fits
Uncalibrated
CA0001 01.0 0010 0025.00 000.0 000.0  00.0 004.9 0282.4 -140.8
129.0000 0351.22 0454.22 147.1951 +74.5938 000.0000 +00.0000 000129 4.96
130.0000 0352.63 0457.30 146.5998 +74.5763 000.0000 +00.0000 000373 3.80
131.0000 0356.71 0461.59 145.4861 +74.5985 000.0000 +00.0000 000681 3.15
132.0000 0359.47 0465.36 144.6168 +74.5896 000.0000 +00.0000 000677 3.16
133.0000 0363.54 0469.28 143.5491 +74.6066 000.0000 +00.0000 000273 4.14
134.0000 0366.12 0472.86 142.7246 +74.5760 000.0000 +00.0000 000180 4.59
135.0000 0368.39 0476.55 141.9346 +74.5350 000.0000 +00.0000 000616 3.26
136.0000 0371.91 0480.29 140.9758 +74.5398 000.0000 +00.0000 000546 3.39
137.0000 0375.50 0484.92 139.8909 +74.4997 000.0000 +00.0000 001090 2.64
138.0000 0378.08 0489.50 138.9607 +74.4203 000.0000 +00.0000 000093 5.31
-------------------------------------------------------
FF_CA0001_20180614_062724_738_0422656.fits
Uncalibrated
CA0001 01.0 0014 0025.00 000.0 000.0  00.0 010.9 0107.9 0146.9
196.0000 0429.23 0487.45 136.2364 +76.2647 000.0000 +00.0000 001630 2.20
197.0000 0423.60 0496.26 136.1696 +75.7261 000.0000 +00.0000 008415 0.42
198.0000 0417.76 0504.93 136.1568 +75.1930 000.0000 +00.0000 011562 0.07
199.0000 0411.38 0514.21 136.1670 +74.6145 000.0000 +00.0000 014829 -0.20
200.0000 0404.97 0523.71 136.1600 +74.0203 000.0000 +00.0000 016163 -0.29
201.0000 0398.55 0532.96 136.1804 +73.4309 000.0000 +00.0000 019137 -0.47
202.0000 0392.64 0542.18 136.1311 +72.8573 000.0000 +00.0000 019206 -0.48
203.0000 0386.48 0551.36 136.1245 +72.2786 000.0000 +00.0000 019876 -0.51
204.0000 0380.61 0561.13 136.0294 +71.6780 000.0000 +00.0000 019199 -0.48
205.0000 0374.17 0570.30 136.0651 +71.0831 000.0000 +00.0000 018853 -0.46
206.0000 0368.08 0579.67 136.0408 +70.4894 000.0000 +00.0000 019209 -0.48
207.0000 0361.97 0589.32 135.9984 +69.8771 000.0000 +00.0000 016986 -0.34
208.0000 0356.14 0598.41 135.9715 +69.2874 000.0000 +00.0000 013442 -0.09
209.0000 0351.15 0605.88 135.9722 +68.7940 000.0000 +00.0000 003687 1.32
-------------------------------------------------------
FF_CA0001_20180614_064617_625_0450048.fits
Uncalibrated
CA0001 01.0 0005 0025.00 000.0 000.0  00.0 012.1 0577.0 0141.1
159.0000 0029.06 0200.27 203.5656 +59.7720 000.0000 +00.0000 001111 2.62
160.0000 0020.38 0209.06 202.6602 +59.3284 000.0000 +00.0000 005713 0.84
161.0000 0011.61 0220.23 201.5460 +58.8854 000.0000 +00.0000 017459 -0.37
162.0000 0003.15 0230.55 200.3942 +58.3708 000.0000 +00.0000 015782 -0.26
163.0000 -001.88 0237.67 199.5953 +58.0436 000.0000 +00.0000 002089 1.93
-------------------------------------------------------
FF_CA0001_20180614_072843_240_0512000.fits
Uncalibrated
CA0001 01.0 0006 0025.00 000.0 000.0  00.0 012.2 0142.9 0157.8
2.0000 0466.81 0406.60 156.4109 +80.6728 000.0000 +00.0000 000683 3.15
3.0000 0462.83 0416.37 155.5402 +80.1946 000.0000 +00.0000 001281 2.46
4.0000 0457.43 0428.64 154.6302 +79.5678 000.0000 +00.0000 004019 1.22
5.0000 0452.24 0441.99 153.5804 +78.8729 000.0000 +00.0000 004691 1.05
6.0000 0447.55 0453.75 152.7503 +78.2258 000.0000 +00.0000 006322 0.73
7.0000 0443.46 0462.74 152.2680 +77.7092 000.0000 +00.0000 001419 2.35
-------------------------------------------------------
FF_CA0001_20180614_074655_161_0537856.fits
Uncalibrated
CA0001 01.0 0009 0025.00 000.0 000.0  00.0 002.4 0048.2 0324.5
0.0000 0617.34 0473.85 113.1091 +79.3395 000.0000 +00.0000 002089 1.93
1.0000 0615.97 0476.80 113.5977 +79.1975 000.0000 +00.0000 000476 3.54
2.0000 0614.36 0478.79 114.0860 +79.1073 000.0000 +00.0000 001418 2.35
3.0000 0612.75 0481.13 114.5672 +79.0008 000.0000 +00.0000 002169 1.89
4.0000 0610.38 0483.07 115.2321 +78.9149 000.0000 +00.0000 002119 1.92
5.0000 0609.65 0485.78 115.4801 +78.7846 000.0000 +00.0000 003392 1.41
6.0000 0607.57 0487.91 116.0678 +78.6833 000.0000 +00.0000 001588 2.23
7.0000 0606.55 0489.67 116.4077 +78.5876 000.0000 +00.0000 000283 4.10
8.0000 0607.07 0490.05 116.3356 +78.5547 000.0000 +00.0000 000102 5.21
-------------------------------------------------------
FF_CA0001_20180614_075241_121_0545792.fits
Uncalibrated
CA0001 01.0 0008 0025.00 000.0 000.0  00.0 009.7 0354.4 -150.3
145.0000 0280.17 0449.93 181.5825 +71.7161 000.0000 +00.0000 000560 3.36
146.0000 0284.63 0457.57 180.1694 +71.7134 000.0000 +00.0000 000802 2.97
147.0000 0289.17 0465.89 178.6709 +71.6895 000.0000 +00.0000 000703 3.11
148.0000 0294.07 0475.09 177.0117 +71.6257 000.0000 +00.0000 000981 2.75
149.0000 0298.63 0483.19 175.5386 +71.5675 000.0000 +00.0000 000434 3.64
150.0000 0303.31 0491.31 174.0801 +71.5175 000.0000 +00.0000 000215 4.40
151.0000 0309.35 0500.61 172.3291 +71.4518 000.0000 +00.0000 000424 3.66
152.0000 0314.33 0508.85 170.8317 +71.3638 000.0000 +00.0000 000509 3.47
